(kicad_pcb (version 20171130) (host pcbnew "(5.0.0)")

  (general
    (thickness 1.6)
    (drawings 8)
    (tracks 100)
    (zones 0)
    (modules 10)
    (nets 12)
  )

  (page A4)
  (layers
    (0 F.Cu signal)
    (31 B.Cu signal)
    (32 B.Adhes user hide)
    (33 F.Adhes user hide)
    (34 B.Paste user hide)
    (35 F.Paste user)
    (36 B.SilkS user hide)
    (37 F.SilkS user)
    (38 B.Mask user hide)
    (39 F.Mask user hide)
    (40 Dwgs.User user hide)
    (41 Cmts.User user hide)
    (42 Eco1.User user hide)
    (43 Eco2.User user hide)
    (44 Edge.Cuts user hide)
    (45 Margin user hide)
    (46 B.CrtYd user hide)
    (47 F.CrtYd user hide)
    (48 B.Fab user)
    (49 F.Fab user)
  )

  (setup
    (last_trace_width 0.25)
    (trace_clearance 0.2)
    (zone_clearance 0.2)
    (zone_45_only no)
    (trace_min 0.2)
    (segment_width 0.2)
    (edge_width 0.15)
    (via_size 0.8)
    (via_drill 0.4)
    (via_min_size 0.4)
    (via_min_drill 0.3)
    (uvia_size 0.3)
    (uvia_drill 0.1)
    (uvias_allowed no)
    (uvia_min_size 0.2)
    (uvia_min_drill 0.1)
    (pcb_text_width 0.3)
    (pcb_text_size 1.5 1.5)
    (mod_edge_width 0.15)
    (mod_text_size 1 1)
    (mod_text_width 0.15)
    (pad_size 1.524 1.524)
    (pad_drill 0.762)
    (pad_to_mask_clearance 0.2)
    (aux_axis_origin 0 0)
    (visible_elements 7FFFFFFF)
    (pcbplotparams
      (layerselection 0x010fc_ffffffff)
      (usegerberextensions false)
      (usegerberattributes false)
      (usegerberadvancedattributes false)
      (creategerberjobfile false)
      (excludeedgelayer true)
      (linewidth 0.100000)
      (plotframeref false)
      (viasonmask false)
      (mode 1)
      (useauxorigin false)
      (hpglpennumber 1)
      (hpglpenspeed 20)
      (hpglpendiameter 15.000000)
      (psnegative false)
      (psa4output false)
      (plotreference true)
      (plotvalue true)
      (plotinvisibletext false)
      (padsonsilk false)
      (subtractmaskfromsilk false)
      (outputformat 1)
      (mirror false)
      (drillshape 1)
      (scaleselection 1)
      (outputdirectory ""))
  )

  (net 0 "")
  (net 1 VDD)
  (net 2 GND)
  (net 3 VDDA)
  (net 4 /SDX)
  (net 5 "Net-(U1-Pad4)")
  (net 6 /SDA)
  (net 7 /CSB)
  (net 8 /INT1)
  (net 9 /INT2)
  (net 10 "Net-(U1-Pad11)")
  (net 11 /SCX)

  (net_class Default "This is the default net class."
    (clearance 0.2)
    (trace_width 0.25)
    (via_dia 0.8)
    (via_drill 0.4)
    (uvia_dia 0.3)
    (uvia_drill 0.1)
  )

  (net_class Power ""
    (clearance 0.2)
    (trace_width 0.2032)
    (via_dia 0.8)
    (via_drill 0.4)
    (uvia_dia 0.3)
    (uvia_drill 0.1)
    (add_net GND)
    (add_net VDD)
    (add_net VDDA)
  )

  (net_class Signal ""
    (clearance 0.2)
    (trace_width 0.2032)
    (via_dia 0.8)
    (via_drill 0.4)
    (uvia_dia 0.3)
    (uvia_drill 0.1)
    (add_net /CSB)
    (add_net /INT1)
    (add_net /INT2)
    (add_net /SCX)
    (add_net /SDA)
    (add_net /SDX)
    (add_net "Net-(U1-Pad11)")
    (add_net "Net-(U1-Pad4)")
  )

  (module Capacitor_SMD:C_0603_1608Metric (layer F.Cu) (tedit 5B832108) (tstamp 5B8F4AE6)
    (at 158 79)
    (descr "Capacitor SMD 0603 (1608 Metric), square (rectangular) end terminal, IPC_7351 nominal, (Body size source: http://www.tortai-tech.com/upload/download/2011102023233369053.pdf), generated with kicad-footprint-generator")
    (tags capacitor)
    (path /5B81CD7E)
    (attr smd)
    (fp_text reference C1 (at 2.202498 -0.510002) (layer F.SilkS)
      (effects (font (size 1 1) (thickness 0.15)))
    )
    (fp_text value 100nF (at 0 1.43) (layer F.Fab) hide
      (effects (font (size 1 1) (thickness 0.15)))
    )
    (fp_line (start -0.8 0.4) (end -0.8 -0.4) (layer F.Fab) (width 0.1))
    (fp_line (start -0.8 -0.4) (end 0.8 -0.4) (layer F.Fab) (width 0.1))
    (fp_line (start 0.8 -0.4) (end 0.8 0.4) (layer F.Fab) (width 0.1))
    (fp_line (start 0.8 0.4) (end -0.8 0.4) (layer F.Fab) (width 0.1))
    (fp_line (start -0.162779 -0.51) (end 0.162779 -0.51) (layer F.SilkS) (width 0.12))
    (fp_line (start -0.162779 0.51) (end 0.162779 0.51) (layer F.SilkS) (width 0.12))
    (fp_line (start -1.48 0.73) (end -1.48 -0.73) (layer F.CrtYd) (width 0.05))
    (fp_line (start -1.48 -0.73) (end 1.48 -0.73) (layer F.CrtYd) (width 0.05))
    (fp_line (start 1.48 -0.73) (end 1.48 0.73) (layer F.CrtYd) (width 0.05))
    (fp_line (start 1.48 0.73) (end -1.48 0.73) (layer F.CrtYd) (width 0.05))
    (fp_text user %R (at 0 0) (layer F.Fab)
      (effects (font (size 0.4 0.4) (thickness 0.06)))
    )
    (pad 1 smd roundrect (at -0.7875 0) (size 0.875 0.95) (layers F.Cu F.Paste F.Mask) (roundrect_rratio 0.25)
      (net 1 VDD))
    (pad 2 smd roundrect (at 0.7875 0) (size 0.875 0.95) (layers F.Cu F.Paste F.Mask) (roundrect_rratio 0.25)
      (net 2 GND))
    (model ${KISYS3DMOD}/Capacitor_SMD.3dshapes/C_0603_1608Metric.wrl
      (at (xyz 0 0 0))
      (scale (xyz 1 1 1))
      (rotate (xyz 0 0 0))
    )
  )

  (module Capacitor_SMD:C_0603_1608Metric (layer F.Cu) (tedit 5B832123) (tstamp 5B8F4AF7)
    (at 158 73)
    (descr "Capacitor SMD 0603 (1608 Metric), square (rectangular) end terminal, IPC_7351 nominal, (Body size source: http://www.tortai-tech.com/upload/download/2011102023233369053.pdf), generated with kicad-footprint-generator")
    (tags capacitor)
    (path /5B81CDF0)
    (attr smd)
    (fp_text reference C2 (at 2.202498 -0.020002) (layer F.SilkS)
      (effects (font (size 1 1) (thickness 0.15)))
    )
    (fp_text value 100nF (at 0 1.43) (layer F.Fab) hide
      (effects (font (size 1 1) (thickness 0.15)))
    )
    (fp_text user %R (at 0 0) (layer F.Fab)
      (effects (font (size 0.4 0.4) (thickness 0.06)))
    )
    (fp_line (start 1.48 0.73) (end -1.48 0.73) (layer F.CrtYd) (width 0.05))
    (fp_line (start 1.48 -0.73) (end 1.48 0.73) (layer F.CrtYd) (width 0.05))
    (fp_line (start -1.48 -0.73) (end 1.48 -0.73) (layer F.CrtYd) (width 0.05))
    (fp_line (start -1.48 0.73) (end -1.48 -0.73) (layer F.CrtYd) (width 0.05))
    (fp_line (start -0.162779 0.51) (end 0.162779 0.51) (layer F.SilkS) (width 0.12))
    (fp_line (start -0.162779 -0.51) (end 0.162779 -0.51) (layer F.SilkS) (width 0.12))
    (fp_line (start 0.8 0.4) (end -0.8 0.4) (layer F.Fab) (width 0.1))
    (fp_line (start 0.8 -0.4) (end 0.8 0.4) (layer F.Fab) (width 0.1))
    (fp_line (start -0.8 -0.4) (end 0.8 -0.4) (layer F.Fab) (width 0.1))
    (fp_line (start -0.8 0.4) (end -0.8 -0.4) (layer F.Fab) (width 0.1))
    (pad 2 smd roundrect (at 0.7875 0) (size 0.875 0.95) (layers F.Cu F.Paste F.Mask) (roundrect_rratio 0.25)
      (net 2 GND))
    (pad 1 smd roundrect (at -0.7875 0) (size 0.875 0.95) (layers F.Cu F.Paste F.Mask) (roundrect_rratio 0.25)
      (net 3 VDDA))
    (model ${KISYS3DMOD}/Capacitor_SMD.3dshapes/C_0603_1608Metric.wrl
      (at (xyz 0 0 0))
      (scale (xyz 1 1 1))
      (rotate (xyz 0 0 0))
    )
  )

  (module Package_LGA:LGA-12_2x2mm_P0.5mm (layer F.Cu) (tedit 5B832112) (tstamp 5B8F4B1C)
    (at 158 76 270)
    (descr LGA12)
    (tags "lga land grid array")
    (path /5B82BE35)
    (attr smd)
    (fp_text reference U1 (at 0 -1.85 270) (layer F.SilkS)
      (effects (font (size 1 1) (thickness 0.15)))
    )
    (fp_text value BMA400 (at 0 1.6 270) (layer F.Fab) hide
      (effects (font (size 1 1) (thickness 0.15)))
    )
    (fp_text user %R (at 0 0 270) (layer F.Fab)
      (effects (font (size 0.5 0.5) (thickness 0.075)))
    )
    (fp_line (start 1 -1) (end 1 1) (layer F.Fab) (width 0.1))
    (fp_line (start 1 1) (end -1 1) (layer F.Fab) (width 0.1))
    (fp_line (start -1 1) (end -1 -0.5) (layer F.Fab) (width 0.1))
    (fp_line (start -1 -0.5) (end -0.5 -1) (layer F.Fab) (width 0.1))
    (fp_line (start -0.5 -1) (end 1 -1) (layer F.Fab) (width 0.1))
    (fp_line (start 0.6 -1.1) (end 1.1 -1.1) (layer F.SilkS) (width 0.12))
    (fp_line (start 1.1 -1.1) (end 1.1 -0.6) (layer F.SilkS) (width 0.12))
    (fp_line (start 1.1 -0.6) (end 1.1 -0.6) (layer F.SilkS) (width 0.12))
    (fp_line (start 1.1 0.6) (end 1.1 1.1) (layer F.SilkS) (width 0.12))
    (fp_line (start 1.1 1.1) (end 0.6 1.1) (layer F.SilkS) (width 0.12))
    (fp_line (start 0.6 1.1) (end 0.6 1.1) (layer F.SilkS) (width 0.12))
    (fp_line (start -0.6 1.1) (end -1.1 1.1) (layer F.SilkS) (width 0.12))
    (fp_line (start -1.1 1.1) (end -1.1 0.6) (layer F.SilkS) (width 0.12))
    (fp_line (start -1.1 0.6) (end -1.1 0.6) (layer F.SilkS) (width 0.12))
    (fp_line (start -0.6 -1.1) (end -1.1 -1.1) (layer F.SilkS) (width 0.12))
    (fp_line (start -1.1 -1.1) (end -1.1 -1.1) (layer F.SilkS) (width 0.12))
    (fp_line (start 1.25 -1.25) (end 1.25 1.25) (layer F.CrtYd) (width 0.05))
    (fp_line (start 1.25 1.25) (end -1.25 1.25) (layer F.CrtYd) (width 0.05))
    (fp_line (start -1.25 1.25) (end -1.25 -1.25) (layer F.CrtYd) (width 0.05))
    (fp_line (start -1.25 -1.25) (end 1.25 -1.25) (layer F.CrtYd) (width 0.05))
    (pad 2 smd rect (at -0.7625 -0.25 270) (size 0.375 0.35) (layers F.Cu F.Paste F.Mask)
      (net 4 /SDX))
    (pad 3 smd rect (at -0.7625 0.25 270) (size 0.375 0.35) (layers F.Cu F.Paste F.Mask)
      (net 3 VDDA))
    (pad 9 smd rect (at 0.7625 -0.25 270) (size 0.375 0.35) (layers F.Cu F.Paste F.Mask)
      (net 2 GND))
    (pad 8 smd rect (at 0.7625 0.25 270) (size 0.375 0.35) (layers F.Cu F.Paste F.Mask)
      (net 2 GND))
    (pad 4 smd rect (at -0.7625 0.75 270) (size 0.375 0.35) (layers F.Cu F.Paste F.Mask)
      (net 5 "Net-(U1-Pad4)"))
    (pad 7 smd rect (at 0.7625 0.75 270) (size 0.375 0.35) (layers F.Cu F.Paste F.Mask)
      (net 1 VDD))
    (pad 1 smd rect (at -0.7625 -0.75 270) (size 0.375 0.35) (layers F.Cu F.Paste F.Mask)
      (net 6 /SDA))
    (pad 10 smd rect (at 0.7625 -0.75 270) (size 0.375 0.35) (layers F.Cu F.Paste F.Mask)
      (net 7 /CSB))
    (pad 5 smd rect (at -0.25 0.7625) (size 0.375 0.35) (layers F.Cu F.Paste F.Mask)
      (net 8 /INT1))
    (pad 6 smd rect (at 0.25 0.7625) (size 0.375 0.35) (layers F.Cu F.Paste F.Mask)
      (net 9 /INT2))
    (pad 11 smd rect (at 0.25 -0.7625) (size 0.375 0.35) (layers F.Cu F.Paste F.Mask)
      (net 10 "Net-(U1-Pad11)"))
    (pad 12 smd rect (at -0.25 -0.7625) (size 0.375 0.35) (layers F.Cu F.Paste F.Mask)
      (net 11 /SCX))
    (model ${KISYS3DMOD}/Package_LGA.3dshapes/LGA-12_2x2mm_P0.5mm.wrl
      (at (xyz 0 0 0))
      (scale (xyz 1 1 1))
      (rotate (xyz 0 0 0))
    )
  )

  (module Connector_PinHeader_2.54mm:PinHeader_1x09_P2.54mm_Vertical (layer F.Cu) (tedit 5B83215C) (tstamp 5B8F4EC0)
    (at 168 67)
    (descr "Through hole straight pin header, 1x09, 2.54mm pitch, single row")
    (tags "Through hole pin header THT 1x09 2.54mm single row")
    (path /5B833216)
    (fp_text reference J1 (at 0 -2.33) (layer F.SilkS)
      (effects (font (size 1 1) (thickness 0.15)))
    )
    (fp_text value Conn_01x09_Male (at 0 22.65) (layer F.Fab) hide
      (effects (font (size 1 1) (thickness 0.15)))
    )
    (fp_line (start -0.635 -1.27) (end 1.27 -1.27) (layer F.Fab) (width 0.1))
    (fp_line (start 1.27 -1.27) (end 1.27 21.59) (layer F.Fab) (width 0.1))
    (fp_line (start 1.27 21.59) (end -1.27 21.59) (layer F.Fab) (width 0.1))
    (fp_line (start -1.27 21.59) (end -1.27 -0.635) (layer F.Fab) (width 0.1))
    (fp_line (start -1.27 -0.635) (end -0.635 -1.27) (layer F.Fab) (width 0.1))
    (fp_line (start -1.33 21.65) (end 1.33 21.65) (layer F.SilkS) (width 0.12))
    (fp_line (start -1.33 1.27) (end -1.33 21.65) (layer F.SilkS) (width 0.12))
    (fp_line (start 1.33 1.27) (end 1.33 21.65) (layer F.SilkS) (width 0.12))
    (fp_line (start -1.33 1.27) (end 1.33 1.27) (layer F.SilkS) (width 0.12))
    (fp_line (start -1.33 0) (end -1.33 -1.33) (layer F.SilkS) (width 0.12))
    (fp_line (start -1.33 -1.33) (end 0 -1.33) (layer F.SilkS) (width 0.12))
    (fp_line (start -1.8 -1.8) (end -1.8 22.1) (layer F.CrtYd) (width 0.05))
    (fp_line (start -1.8 22.1) (end 1.8 22.1) (layer F.CrtYd) (width 0.05))
    (fp_line (start 1.8 22.1) (end 1.8 -1.8) (layer F.CrtYd) (width 0.05))
    (fp_line (start 1.8 -1.8) (end -1.8 -1.8) (layer F.CrtYd) (width 0.05))
    (fp_text user %R (at 0 10.16 90) (layer F.Fab)
      (effects (font (size 1 1) (thickness 0.15)))
    )
    (pad 1 thru_hole rect (at 0 0) (size 1.7 1.7) (drill 1) (layers *.Cu *.Mask)
      (net 1 VDD))
    (pad 2 thru_hole oval (at 0 2.54) (size 1.7 1.7) (drill 1) (layers *.Cu *.Mask)
      (net 3 VDDA))
    (pad 3 thru_hole oval (at 0 5.08) (size 1.7 1.7) (drill 1) (layers *.Cu *.Mask)
      (net 6 /SDA))
    (pad 4 thru_hole oval (at 0 7.62) (size 1.7 1.7) (drill 1) (layers *.Cu *.Mask)
      (net 4 /SDX))
    (pad 5 thru_hole oval (at 0 10.16) (size 1.7 1.7) (drill 1) (layers *.Cu *.Mask)
      (net 11 /SCX))
    (pad 6 thru_hole oval (at 0 12.7) (size 1.7 1.7) (drill 1) (layers *.Cu *.Mask)
      (net 7 /CSB))
    (pad 7 thru_hole oval (at 0 15.24) (size 1.7 1.7) (drill 1) (layers *.Cu *.Mask)
      (net 8 /INT1))
    (pad 8 thru_hole oval (at 0 17.78) (size 1.7 1.7) (drill 1) (layers *.Cu *.Mask)
      (net 9 /INT2))
    (pad 9 thru_hole oval (at 0 20.32) (size 1.7 1.7) (drill 1) (layers *.Cu *.Mask)
      (net 2 GND))
    (model ${KISYS3DMOD}/Connector_PinHeader_2.54mm.3dshapes/PinHeader_1x09_P2.54mm_Vertical.wrl
      (at (xyz 0 0 0))
      (scale (xyz 1 1 1))
      (rotate (xyz 0 0 0))
    )
  )

  (module Capacitor_SMD:C_0603_1608Metric (layer F.Cu) (tedit 5B83212B) (tstamp 5B8F4ED1)
    (at 164 74 270)
    (descr "Capacitor SMD 0603 (1608 Metric), square (rectangular) end terminal, IPC_7351 nominal, (Body size source: http://www.tortai-tech.com/upload/download/2011102023233369053.pdf), generated with kicad-footprint-generator")
    (tags capacitor)
    (path /5B83387B)
    (attr smd)
    (fp_text reference R1 (at 0 -1.43 270) (layer F.SilkS)
      (effects (font (size 1 1) (thickness 0.15)))
    )
    (fp_text value 4K7 (at 0 1.43 270) (layer F.Fab) hide
      (effects (font (size 1 1) (thickness 0.15)))
    )
    (fp_line (start -0.8 0.4) (end -0.8 -0.4) (layer F.Fab) (width 0.1))
    (fp_line (start -0.8 -0.4) (end 0.8 -0.4) (layer F.Fab) (width 0.1))
    (fp_line (start 0.8 -0.4) (end 0.8 0.4) (layer F.Fab) (width 0.1))
    (fp_line (start 0.8 0.4) (end -0.8 0.4) (layer F.Fab) (width 0.1))
    (fp_line (start -0.162779 -0.51) (end 0.162779 -0.51) (layer F.SilkS) (width 0.12))
    (fp_line (start -0.162779 0.51) (end 0.162779 0.51) (layer F.SilkS) (width 0.12))
    (fp_line (start -1.48 0.73) (end -1.48 -0.73) (layer F.CrtYd) (width 0.05))
    (fp_line (start -1.48 -0.73) (end 1.48 -0.73) (layer F.CrtYd) (width 0.05))
    (fp_line (start 1.48 -0.73) (end 1.48 0.73) (layer F.CrtYd) (width 0.05))
    (fp_line (start 1.48 0.73) (end -1.48 0.73) (layer F.CrtYd) (width 0.05))
    (fp_text user %R (at 0 0 270) (layer F.Fab)
      (effects (font (size 0.4 0.4) (thickness 0.06)))
    )
    (pad 1 smd roundrect (at -0.7875 0 270) (size 0.875 0.95) (layers F.Cu F.Paste F.Mask) (roundrect_rratio 0.25)
      (net 3 VDDA))
    (pad 2 smd roundrect (at 0.7875 0 270) (size 0.875 0.95) (layers F.Cu F.Paste F.Mask) (roundrect_rratio 0.25)
      (net 4 /SDX))
    (model ${KISYS3DMOD}/Capacitor_SMD.3dshapes/C_0603_1608Metric.wrl
      (at (xyz 0 0 0))
      (scale (xyz 1 1 1))
      (rotate (xyz 0 0 0))
    )
  )

  (module Capacitor_SMD:C_0603_1608Metric (layer F.Cu) (tedit 5B832081) (tstamp 5B8F4EE2)
    (at 164 78 270)
    (descr "Capacitor SMD 0603 (1608 Metric), square (rectangular) end terminal, IPC_7351 nominal, (Body size source: http://www.tortai-tech.com/upload/download/2011102023233369053.pdf), generated with kicad-footprint-generator")
    (tags capacitor)
    (path /5B83391C)
    (attr smd)
    (fp_text reference R2 (at 0 -1.43 270) (layer F.SilkS)
      (effects (font (size 1 1) (thickness 0.15)))
    )
    (fp_text value 4K7 (at 0 1.43 270) (layer F.Fab) hide
      (effects (font (size 1 1) (thickness 0.15)))
    )
    (fp_text user %R (at 0 0 270) (layer F.Fab)
      (effects (font (size 0.4 0.4) (thickness 0.06)))
    )
    (fp_line (start 1.48 0.73) (end -1.48 0.73) (layer F.CrtYd) (width 0.05))
    (fp_line (start 1.48 -0.73) (end 1.48 0.73) (layer F.CrtYd) (width 0.05))
    (fp_line (start -1.48 -0.73) (end 1.48 -0.73) (layer F.CrtYd) (width 0.05))
    (fp_line (start -1.48 0.73) (end -1.48 -0.73) (layer F.CrtYd) (width 0.05))
    (fp_line (start -0.162779 0.51) (end 0.162779 0.51) (layer F.SilkS) (width 0.12))
    (fp_line (start -0.162779 -0.51) (end 0.162779 -0.51) (layer F.SilkS) (width 0.12))
    (fp_line (start 0.8 0.4) (end -0.8 0.4) (layer F.Fab) (width 0.1))
    (fp_line (start 0.8 -0.4) (end 0.8 0.4) (layer F.Fab) (width 0.1))
    (fp_line (start -0.8 -0.4) (end 0.8 -0.4) (layer F.Fab) (width 0.1))
    (fp_line (start -0.8 0.4) (end -0.8 -0.4) (layer F.Fab) (width 0.1))
    (pad 2 smd roundrect (at 0.7875 0 270) (size 0.875 0.95) (layers F.Cu F.Paste F.Mask) (roundrect_rratio 0.25)
      (net 11 /SCX))
    (pad 1 smd roundrect (at -0.7875 0 270) (size 0.875 0.95) (layers F.Cu F.Paste F.Mask) (roundrect_rratio 0.25)
      (net 3 VDDA))
    (model ${KISYS3DMOD}/Capacitor_SMD.3dshapes/C_0603_1608Metric.wrl
      (at (xyz 0 0 0))
      (scale (xyz 1 1 1))
      (rotate (xyz 0 0 0))
    )
  )

  (module Capacitor_SMD:C_0603_1608Metric (layer F.Cu) (tedit 5B832075) (tstamp 5B8F4EF3)
    (at 164 70 270)
    (descr "Capacitor SMD 0603 (1608 Metric), square (rectangular) end terminal, IPC_7351 nominal, (Body size source: http://www.tortai-tech.com/upload/download/2011102023233369053.pdf), generated with kicad-footprint-generator")
    (tags capacitor)
    (path /5B833966)
    (attr smd)
    (fp_text reference R3 (at 0 -1.43 270) (layer F.SilkS)
      (effects (font (size 1 1) (thickness 0.15)))
    )
    (fp_text value 4K7 (at 0 1.43 270) (layer F.Fab) hide
      (effects (font (size 1 1) (thickness 0.15)))
    )
    (fp_line (start -0.8 0.4) (end -0.8 -0.4) (layer F.Fab) (width 0.1))
    (fp_line (start -0.8 -0.4) (end 0.8 -0.4) (layer F.Fab) (width 0.1))
    (fp_line (start 0.8 -0.4) (end 0.8 0.4) (layer F.Fab) (width 0.1))
    (fp_line (start 0.8 0.4) (end -0.8 0.4) (layer F.Fab) (width 0.1))
    (fp_line (start -0.162779 -0.51) (end 0.162779 -0.51) (layer F.SilkS) (width 0.12))
    (fp_line (start -0.162779 0.51) (end 0.162779 0.51) (layer F.SilkS) (width 0.12))
    (fp_line (start -1.48 0.73) (end -1.48 -0.73) (layer F.CrtYd) (width 0.05))
    (fp_line (start -1.48 -0.73) (end 1.48 -0.73) (layer F.CrtYd) (width 0.05))
    (fp_line (start 1.48 -0.73) (end 1.48 0.73) (layer F.CrtYd) (width 0.05))
    (fp_line (start 1.48 0.73) (end -1.48 0.73) (layer F.CrtYd) (width 0.05))
    (fp_text user %R (at 0 0 270) (layer F.Fab)
      (effects (font (size 0.4 0.4) (thickness 0.06)))
    )
    (pad 1 smd roundrect (at -0.7875 0 270) (size 0.875 0.95) (layers F.Cu F.Paste F.Mask) (roundrect_rratio 0.25)
      (net 3 VDDA))
    (pad 2 smd roundrect (at 0.7875 0 270) (size 0.875 0.95) (layers F.Cu F.Paste F.Mask) (roundrect_rratio 0.25)
      (net 6 /SDA))
    (model ${KISYS3DMOD}/Capacitor_SMD.3dshapes/C_0603_1608Metric.wrl
      (at (xyz 0 0 0))
      (scale (xyz 1 1 1))
      (rotate (xyz 0 0 0))
    )
  )

  (module Capacitor_SMD:C_0603_1608Metric (layer F.Cu) (tedit 5B832065) (tstamp 5B8F4F04)
    (at 162 70 90)
    (descr "Capacitor SMD 0603 (1608 Metric), square (rectangular) end terminal, IPC_7351 nominal, (Body size source: http://www.tortai-tech.com/upload/download/2011102023233369053.pdf), generated with kicad-footprint-generator")
    (tags capacitor)
    (path /5B8361C5)
    (attr smd)
    (fp_text reference R4 (at 0 -1.43 90) (layer F.SilkS)
      (effects (font (size 1 1) (thickness 0.15)))
    )
    (fp_text value 4K7 (at 0 1.43 90) (layer F.Fab) hide
      (effects (font (size 1 1) (thickness 0.15)))
    )
    (fp_text user %R (at 0 0 90) (layer F.Fab) hide
      (effects (font (size 0.4 0.4) (thickness 0.06)))
    )
    (fp_line (start 1.48 0.73) (end -1.48 0.73) (layer F.CrtYd) (width 0.05))
    (fp_line (start 1.48 -0.73) (end 1.48 0.73) (layer F.CrtYd) (width 0.05))
    (fp_line (start -1.48 -0.73) (end 1.48 -0.73) (layer F.CrtYd) (width 0.05))
    (fp_line (start -1.48 0.73) (end -1.48 -0.73) (layer F.CrtYd) (width 0.05))
    (fp_line (start -0.162779 0.51) (end 0.162779 0.51) (layer F.SilkS) (width 0.12))
    (fp_line (start -0.162779 -0.51) (end 0.162779 -0.51) (layer F.SilkS) (width 0.12))
    (fp_line (start 0.8 0.4) (end -0.8 0.4) (layer F.Fab) (width 0.1))
    (fp_line (start 0.8 -0.4) (end 0.8 0.4) (layer F.Fab) (width 0.1))
    (fp_line (start -0.8 -0.4) (end 0.8 -0.4) (layer F.Fab) (width 0.1))
    (fp_line (start -0.8 0.4) (end -0.8 -0.4) (layer F.Fab) (width 0.1))
    (pad 2 smd roundrect (at 0.7875 0 90) (size 0.875 0.95) (layers F.Cu F.Paste F.Mask) (roundrect_rratio 0.25)
      (net 2 GND))
    (pad 1 smd roundrect (at -0.7875 0 90) (size 0.875 0.95) (layers F.Cu F.Paste F.Mask) (roundrect_rratio 0.25)
      (net 6 /SDA))
    (model ${KISYS3DMOD}/Capacitor_SMD.3dshapes/C_0603_1608Metric.wrl
      (at (xyz 0 0 0))
      (scale (xyz 1 1 1))
      (rotate (xyz 0 0 0))
    )
  )

  (module Capacitor_SMD:C_0603_1608Metric (layer F.Cu) (tedit 5B8320B0) (tstamp 5B8F4F15)
    (at 162 82 90)
    (descr "Capacitor SMD 0603 (1608 Metric), square (rectangular) end terminal, IPC_7351 nominal, (Body size source: http://www.tortai-tech.com/upload/download/2011102023233369053.pdf), generated with kicad-footprint-generator")
    (tags capacitor)
    (path /5B8339D3)
    (attr smd)
    (fp_text reference R5 (at 0 -1.43 90) (layer F.SilkS)
      (effects (font (size 1 1) (thickness 0.15)))
    )
    (fp_text value 4K7 (at 0 1.43 90) (layer F.Fab) hide
      (effects (font (size 1 1) (thickness 0.15)))
    )
    (fp_text user %R (at 0 0 90) (layer F.Fab)
      (effects (font (size 0.4 0.4) (thickness 0.06)))
    )
    (fp_line (start 1.48 0.73) (end -1.48 0.73) (layer F.CrtYd) (width 0.05))
    (fp_line (start 1.48 -0.73) (end 1.48 0.73) (layer F.CrtYd) (width 0.05))
    (fp_line (start -1.48 -0.73) (end 1.48 -0.73) (layer F.CrtYd) (width 0.05))
    (fp_line (start -1.48 0.73) (end -1.48 -0.73) (layer F.CrtYd) (width 0.05))
    (fp_line (start -0.162779 0.51) (end 0.162779 0.51) (layer F.SilkS) (width 0.12))
    (fp_line (start -0.162779 -0.51) (end 0.162779 -0.51) (layer F.SilkS) (width 0.12))
    (fp_line (start 0.8 0.4) (end -0.8 0.4) (layer F.Fab) (width 0.1))
    (fp_line (start 0.8 -0.4) (end 0.8 0.4) (layer F.Fab) (width 0.1))
    (fp_line (start -0.8 -0.4) (end 0.8 -0.4) (layer F.Fab) (width 0.1))
    (fp_line (start -0.8 0.4) (end -0.8 -0.4) (layer F.Fab) (width 0.1))
    (pad 2 smd roundrect (at 0.7875 0 90) (size 0.875 0.95) (layers F.Cu F.Paste F.Mask) (roundrect_rratio 0.25)
      (net 7 /CSB))
    (pad 1 smd roundrect (at -0.7875 0 90) (size 0.875 0.95) (layers F.Cu F.Paste F.Mask) (roundrect_rratio 0.25)
      (net 3 VDDA))
    (model ${KISYS3DMOD}/Capacitor_SMD.3dshapes/C_0603_1608Metric.wrl
      (at (xyz 0 0 0))
      (scale (xyz 1 1 1))
      (rotate (xyz 0 0 0))
    )
  )

  (module Capacitor_SMD:C_0603_1608Metric (layer F.Cu) (tedit 5B8320C3) (tstamp 5B8F4F26)
    (at 164 82 270)
    (descr "Capacitor SMD 0603 (1608 Metric), square (rectangular) end terminal, IPC_7351 nominal, (Body size source: http://www.tortai-tech.com/upload/download/2011102023233369053.pdf), generated with kicad-footprint-generator")
    (tags capacitor)
    (path /5B834DBB)
    (attr smd)
    (fp_text reference R6 (at 0 -1.43 270) (layer F.SilkS)
      (effects (font (size 1 1) (thickness 0.15)))
    )
    (fp_text value 4K7 (at 0 1.43 270) (layer F.Fab) hide
      (effects (font (size 1 1) (thickness 0.15)))
    )
    (fp_line (start -0.8 0.4) (end -0.8 -0.4) (layer F.Fab) (width 0.1))
    (fp_line (start -0.8 -0.4) (end 0.8 -0.4) (layer F.Fab) (width 0.1))
    (fp_line (start 0.8 -0.4) (end 0.8 0.4) (layer F.Fab) (width 0.1))
    (fp_line (start 0.8 0.4) (end -0.8 0.4) (layer F.Fab) (width 0.1))
    (fp_line (start -0.162779 -0.51) (end 0.162779 -0.51) (layer F.SilkS) (width 0.12))
    (fp_line (start -0.162779 0.51) (end 0.162779 0.51) (layer F.SilkS) (width 0.12))
    (fp_line (start -1.48 0.73) (end -1.48 -0.73) (layer F.CrtYd) (width 0.05))
    (fp_line (start -1.48 -0.73) (end 1.48 -0.73) (layer F.CrtYd) (width 0.05))
    (fp_line (start 1.48 -0.73) (end 1.48 0.73) (layer F.CrtYd) (width 0.05))
    (fp_line (start 1.48 0.73) (end -1.48 0.73) (layer F.CrtYd) (width 0.05))
    (fp_text user %R (at 0 0 270) (layer F.Fab)
      (effects (font (size 0.4 0.4) (thickness 0.06)))
    )
    (pad 1 smd roundrect (at -0.7875 0 270) (size 0.875 0.95) (layers F.Cu F.Paste F.Mask) (roundrect_rratio 0.25)
      (net 7 /CSB))
    (pad 2 smd roundrect (at 0.7875 0 270) (size 0.875 0.95) (layers F.Cu F.Paste F.Mask) (roundrect_rratio 0.25)
      (net 2 GND))
    (model ${KISYS3DMOD}/Capacitor_SMD.3dshapes/C_0603_1608Metric.wrl
      (at (xyz 0 0 0))
      (scale (xyz 1 1 1))
      (rotate (xyz 0 0 0))
    )
  )

  (gr_arc (start 156 65) (end 156 63) (angle -90) (layer Edge.Cuts) (width 0.15))
  (gr_arc (start 156 89) (end 154 89) (angle -90) (layer Edge.Cuts) (width 0.15))
  (gr_arc (start 169 65) (end 171 65) (angle -90) (layer Edge.Cuts) (width 0.2))
  (gr_arc (start 169 89) (end 169 91) (angle -90) (layer Edge.Cuts) (width 0.2))
  (gr_line (start 154 89) (end 154 65) (layer Edge.Cuts) (width 0.2))
  (gr_line (start 169 91) (end 156 91) (layer Edge.Cuts) (width 0.2))
  (gr_line (start 171 65) (end 171 89) (layer Edge.Cuts) (width 0.2))
  (gr_line (start 156 63) (end 169 63) (layer Edge.Cuts) (width 0.2))

  (segment (start 157.2125 79) (end 156.464 78.2515) (width 0.3048) (layer F.Cu) (net 1))
  (segment (start 156.464 78.2515) (end 156.464 77.47) (width 0.3048) (layer F.Cu) (net 1))
  (segment (start 157.156599 76.777401) (end 157.222599 76.777401) (width 0.3048) (layer F.Cu) (net 1))
  (segment (start 156.464 77.47) (end 157.156599 76.777401) (width 0.3048) (layer F.Cu) (net 1))
  (segment (start 166.896 67) (end 160.02 73.876) (width 0.254) (layer B.Cu) (net 1))
  (segment (start 168 67) (end 166.896 67) (width 0.254) (layer B.Cu) (net 1))
  (segment (start 160.02 73.876) (end 160.02 79.502) (width 0.254) (layer B.Cu) (net 1))
  (segment (start 160.02 79.502) (end 159.004 80.518) (width 0.254) (layer B.Cu) (net 1))
  (segment (start 159.004 80.518) (end 157.734 80.518) (width 0.254) (layer B.Cu) (net 1))
  (via (at 157.734 80.518) (size 0.8) (drill 0.4) (layers F.Cu B.Cu) (net 1))
  (segment (start 157.2125 79.9965) (end 157.734 80.518) (width 0.254) (layer F.Cu) (net 1))
  (segment (start 157.2125 79) (end 157.2125 79.9965) (width 0.254) (layer F.Cu) (net 1))
  (via (at 158 78) (size 0.8) (drill 0.4) (layers F.Cu B.Cu) (net 2))
  (segment (start 167.6725 69.2125) (end 168 69.54) (width 0.3048) (layer F.Cu) (net 3))
  (segment (start 164 69.2125) (end 167.6725 69.2125) (width 0.3048) (layer F.Cu) (net 3))
  (segment (start 157.2125 73.575) (end 157.734 74.0965) (width 0.254) (layer F.Cu) (net 3))
  (segment (start 157.2125 73) (end 157.2125 73.575) (width 0.254) (layer F.Cu) (net 3))
  (segment (start 157.734 74.0965) (end 157.734 74.93) (width 0.254) (layer F.Cu) (net 3))
  (segment (start 164.461612 76.750888) (end 165.057112 76.750888) (width 0.254) (layer F.Cu) (net 3))
  (segment (start 164 77.2125) (end 164.461612 76.750888) (width 0.254) (layer F.Cu) (net 3))
  (segment (start 165.057112 76.750888) (end 165.608 76.2) (width 0.254) (layer F.Cu) (net 3))
  (segment (start 164.575 73.2125) (end 164.6355 73.152) (width 0.254) (layer F.Cu) (net 3))
  (segment (start 164 73.2125) (end 164.575 73.2125) (width 0.254) (layer F.Cu) (net 3))
  (segment (start 164.6355 73.152) (end 165.608 73.152) (width 0.254) (layer F.Cu) (net 3))
  (segment (start 157.2125 68.8475) (end 157.2125 73) (width 0.254) (layer F.Cu) (net 3))
  (segment (start 157.988 68.072) (end 157.2125 68.8475) (width 0.254) (layer F.Cu) (net 3))
  (segment (start 163.397 68.072) (end 157.988 68.072) (width 0.254) (layer F.Cu) (net 3))
  (segment (start 164 69.2125) (end 164 68.675) (width 0.254) (layer F.Cu) (net 3))
  (segment (start 164 68.675) (end 163.397 68.072) (width 0.254) (layer F.Cu) (net 3))
  (segment (start 165.608 73.152) (end 165.608 73.152) (width 0.254) (layer F.Cu) (net 3) (tstamp 5B8F579A))
  (via (at 165.608 73.152) (size 0.8) (drill 0.4) (layers F.Cu B.Cu) (net 3))
  (segment (start 165.608 76.2) (end 165.608 76.2) (width 0.254) (layer F.Cu) (net 3) (tstamp 5B8F579C))
  (via (at 165.608 76.2) (size 0.8) (drill 0.4) (layers F.Cu B.Cu) (net 3))
  (segment (start 165.608 73.152) (end 165.608 76.2) (width 0.254) (layer B.Cu) (net 3))
  (segment (start 165.608 73.152) (end 165.608 70.358) (width 0.254) (layer B.Cu) (net 3))
  (segment (start 166.426 69.54) (end 168 69.54) (width 0.254) (layer B.Cu) (net 3))
  (segment (start 165.608 70.358) (end 166.426 69.54) (width 0.254) (layer B.Cu) (net 3))
  (segment (start 157.734 75.2215) (end 157.75 75.2375) (width 0.2032) (layer F.Cu) (net 3))
  (segment (start 157.734 74.93) (end 157.734 75.2215) (width 0.2032) (layer F.Cu) (net 3))
  (segment (start 161.538388 82.325888) (end 161.319888 82.325888) (width 0.2032) (layer F.Cu) (net 3))
  (segment (start 162 82.7875) (end 161.538388 82.325888) (width 0.2032) (layer F.Cu) (net 3))
  (segment (start 161.319888 82.325888) (end 160.274 81.28) (width 0.2032) (layer F.Cu) (net 3))
  (segment (start 165.608 76.2) (end 160.528 81.28) (width 0.2032) (layer B.Cu) (net 3))
  (segment (start 160.528 81.28) (end 160.274 81.28) (width 0.2032) (layer B.Cu) (net 3))
  (segment (start 160.274 81.28) (end 160.274 81.28) (width 0.2032) (layer F.Cu) (net 3) (tstamp 5B8F5823))
  (via (at 160.274 81.28) (size 0.8) (drill 0.4) (layers F.Cu B.Cu) (net 3))
  (segment (start 167.8325 74.7875) (end 168 74.62) (width 0.2032) (layer F.Cu) (net 4))
  (segment (start 164 74.7875) (end 167.8325 74.7875) (width 0.2032) (layer F.Cu) (net 4))
  (segment (start 158.25 74.8468) (end 158.242 74.8388) (width 0.2032) (layer F.Cu) (net 4))
  (segment (start 158.25 75.2375) (end 158.25 74.8468) (width 0.2032) (layer F.Cu) (net 4))
  (segment (start 158.242 74.8388) (end 158.242 74.676) (width 0.2032) (layer F.Cu) (net 4))
  (segment (start 158.242 74.676) (end 158.496 74.422) (width 0.2032) (layer F.Cu) (net 4))
  (segment (start 158.496 74.422) (end 162.56 74.422) (width 0.2032) (layer F.Cu) (net 4))
  (segment (start 162.9255 74.7875) (end 164 74.7875) (width 0.2032) (layer F.Cu) (net 4))
  (segment (start 162.56 74.422) (end 162.9255 74.7875) (width 0.2032) (layer F.Cu) (net 4))
  (segment (start 166.7075 70.7875) (end 164 70.7875) (width 0.2032) (layer F.Cu) (net 6))
  (segment (start 168 72.08) (end 166.7075 70.7875) (width 0.2032) (layer F.Cu) (net 6))
  (segment (start 164 70.7875) (end 162 70.7875) (width 0.2032) (layer F.Cu) (net 6))
  (segment (start 162 71.325) (end 162.052 71.377) (width 0.2032) (layer F.Cu) (net 6))
  (segment (start 162 70.7875) (end 162 71.325) (width 0.2032) (layer F.Cu) (net 6))
  (segment (start 162.052 71.377) (end 162.052 73.152) (width 0.2032) (layer F.Cu) (net 6))
  (segment (start 162.052 73.152) (end 162.052 73.152) (width 0.2032) (layer F.Cu) (net 6) (tstamp 5B8F57CE))
  (via (at 162.052 73.152) (size 0.8) (drill 0.4) (layers F.Cu B.Cu) (net 6))
  (segment (start 159.881725 75.2375) (end 160.082225 75.438) (width 0.2032) (layer F.Cu) (net 6))
  (segment (start 158.75 75.2375) (end 159.881725 75.2375) (width 0.2032) (layer F.Cu) (net 6))
  (segment (start 160.082225 75.438) (end 162.052 75.438) (width 0.2032) (layer F.Cu) (net 6))
  (segment (start 162.052 75.438) (end 162.052 75.438) (width 0.2032) (layer F.Cu) (net 6) (tstamp 5B8F57E0))
  (via (at 162.052 75.438) (size 0.8) (drill 0.4) (layers F.Cu B.Cu) (net 6))
  (segment (start 162.052 73.152) (end 162.052 75.438) (width 0.2032) (layer B.Cu) (net 6))
  (segment (start 166.4875 81.2125) (end 164 81.2125) (width 0.2032) (layer F.Cu) (net 7))
  (segment (start 168 79.7) (end 166.4875 81.2125) (width 0.2032) (layer F.Cu) (net 7))
  (segment (start 164 81.2125) (end 162 81.2125) (width 0.2032) (layer F.Cu) (net 7))
  (segment (start 162 80.675) (end 162 81.2125) (width 0.2032) (layer F.Cu) (net 7))
  (segment (start 162 80.4032) (end 162 80.675) (width 0.2032) (layer F.Cu) (net 7))
  (segment (start 158.75 77.1532) (end 162 80.4032) (width 0.2032) (layer F.Cu) (net 7))
  (segment (start 158.75 76.7625) (end 158.75 77.1532) (width 0.2032) (layer F.Cu) (net 7))
  (segment (start 157.2375 75.75) (end 155.898 75.75) (width 0.2032) (layer F.Cu) (net 8))
  (segment (start 155.898 75.75) (end 155.702 75.946) (width 0.2032) (layer F.Cu) (net 8))
  (segment (start 155.898 75.75) (end 155.898 75.75) (width 0.2032) (layer F.Cu) (net 8) (tstamp 5B8F56F9))
  (via (at 155.898 75.75) (size 0.8) (drill 0.4) (layers F.Cu B.Cu) (net 8))
  (segment (start 158.41763 82.24) (end 156.972 80.79437) (width 0.2032) (layer B.Cu) (net 8))
  (segment (start 168 82.24) (end 158.41763 82.24) (width 0.2032) (layer B.Cu) (net 8))
  (segment (start 156.972 76.824) (end 155.898 75.75) (width 0.2032) (layer B.Cu) (net 8))
  (segment (start 156.972 80.79437) (end 156.972 76.824) (width 0.2032) (layer B.Cu) (net 8))
  (segment (start 156.8468 76.25) (end 155.702 76.962) (width 0.2032) (layer F.Cu) (net 9))
  (segment (start 157.2375 76.25) (end 156.8468 76.25) (width 0.2032) (layer F.Cu) (net 9))
  (segment (start 156.1348 76.962) (end 155.702 76.962) (width 0.2032) (layer F.Cu) (net 9))
  (segment (start 155.702 76.962) (end 156.1348 76.962) (width 0.2032) (layer F.Cu) (net 9) (tstamp 5B8F56F7))
  (via (at 155.702 76.962) (size 0.8) (drill 0.4) (layers F.Cu B.Cu) (net 9))
  (segment (start 155.702 80.094594) (end 158.411406 82.804) (width 0.2032) (layer B.Cu) (net 9))
  (segment (start 155.702 76.962) (end 155.702 80.094594) (width 0.2032) (layer B.Cu) (net 9))
  (segment (start 166.024 82.804) (end 168 84.78) (width 0.2032) (layer B.Cu) (net 9))
  (segment (start 158.411406 82.804) (end 166.024 82.804) (width 0.2032) (layer B.Cu) (net 9))
  (segment (start 166.2025 77.16) (end 168 77.16) (width 0.2032) (layer F.Cu) (net 11))
  (segment (start 164 78.7875) (end 164.575 78.7875) (width 0.2032) (layer F.Cu) (net 11))
  (segment (start 164.575 78.7875) (end 166.2025 77.16) (width 0.2032) (layer F.Cu) (net 11))
  (segment (start 159.824 75.75) (end 158.7625 75.75) (width 0.2032) (layer F.Cu) (net 11))
  (segment (start 162.399888 78.325888) (end 159.824 75.75) (width 0.2032) (layer F.Cu) (net 11))
  (segment (start 164 78.7875) (end 163.538388 78.325888) (width 0.2032) (layer F.Cu) (net 11))
  (segment (start 163.538388 78.325888) (end 162.399888 78.325888) (width 0.2032) (layer F.Cu) (net 11))

  (zone (net 2) (net_name GND) (layer F.Cu) (tstamp 0) (hatch edge 0.508)
    (connect_pads yes (clearance 0.2))
    (min_thickness 0.2)
    (fill yes (arc_segments 32) (thermal_gap 0.508) (thermal_bridge_width 0.508) (smoothing fillet))
    (polygon
      (pts
        (xy 154 63) (xy 171 63) (xy 171 91) (xy 154 91) (xy 154 90)
      )
    )
    (filled_polygon
      (pts
        (xy 155.921586 63.394212) (xy 155.980353 63.4) (xy 168.980436 63.4) (xy 169.310401 63.432354) (xy 169.608982 63.5225)
        (xy 169.884366 63.668925) (xy 170.126062 63.866047) (xy 170.324869 64.106363) (xy 170.473214 64.380723) (xy 170.56544 64.678657)
        (xy 170.6 65.007468) (xy 170.600001 88.980425) (xy 170.567646 89.310403) (xy 170.4775 89.608982) (xy 170.331076 89.884364)
        (xy 170.13395 90.126064) (xy 169.893637 90.324869) (xy 169.619279 90.473214) (xy 169.321343 90.56544) (xy 168.992531 90.6)
        (xy 155.980353 90.6) (xy 155.921586 90.605788) (xy 155.897357 90.613138) (xy 155.684719 90.592288) (xy 155.381444 90.500724)
        (xy 155.101735 90.351999) (xy 154.856238 90.151777) (xy 154.654305 89.907683) (xy 154.50363 89.629016) (xy 154.409953 89.326394)
        (xy 154.386545 89.103688) (xy 154.394212 89.078414) (xy 154.4 89.019647) (xy 154.4 84.78) (xy 166.844436 84.78)
        (xy 166.86664 85.005439) (xy 166.932398 85.222215) (xy 167.039184 85.421997) (xy 167.182893 85.597107) (xy 167.358003 85.740816)
        (xy 167.557785 85.847602) (xy 167.774561 85.91336) (xy 167.943508 85.93) (xy 168.056492 85.93) (xy 168.225439 85.91336)
        (xy 168.442215 85.847602) (xy 168.641997 85.740816) (xy 168.817107 85.597107) (xy 168.960816 85.421997) (xy 169.067602 85.222215)
        (xy 169.13336 85.005439) (xy 169.155564 84.78) (xy 169.13336 84.554561) (xy 169.067602 84.337785) (xy 168.960816 84.138003)
        (xy 168.817107 83.962893) (xy 168.641997 83.819184) (xy 168.442215 83.712398) (xy 168.225439 83.64664) (xy 168.056492 83.63)
        (xy 167.943508 83.63) (xy 167.774561 83.64664) (xy 167.557785 83.712398) (xy 167.358003 83.819184) (xy 167.182893 83.962893)
        (xy 167.039184 84.138003) (xy 166.932398 84.337785) (xy 166.86664 84.554561) (xy 166.844436 84.78) (xy 154.4 84.78)
        (xy 154.4 76.893056) (xy 155.002 76.893056) (xy 155.002 77.030944) (xy 155.028901 77.166182) (xy 155.081668 77.293574)
        (xy 155.158274 77.408224) (xy 155.255776 77.505726) (xy 155.370426 77.582332) (xy 155.497818 77.635099) (xy 155.633056 77.662)
        (xy 155.770944 77.662) (xy 155.906182 77.635099) (xy 156.011601 77.591434) (xy 156.0116 78.229293) (xy 156.009413 78.2515)
        (xy 156.0116 78.273707) (xy 156.0116 78.273714) (xy 156.018147 78.340185) (xy 156.044015 78.425462) (xy 156.086024 78.504055)
        (xy 156.142558 78.572942) (xy 156.159818 78.587107) (xy 156.473549 78.900838) (xy 156.473549 79.25625) (xy 156.483545 79.357736)
        (xy 156.513147 79.455322) (xy 156.561219 79.545258) (xy 156.625912 79.624088) (xy 156.704742 79.688781) (xy 156.785501 79.731948)
        (xy 156.785501 79.975523) (xy 156.783435 79.9965) (xy 156.791679 80.080206) (xy 156.816096 80.160696) (xy 156.855745 80.234876)
        (xy 156.895732 80.2836) (xy 156.895737 80.283605) (xy 156.909106 80.299895) (xy 156.925395 80.313263) (xy 157.038511 80.426379)
        (xy 157.034 80.449056) (xy 157.034 80.586944) (xy 157.060901 80.722182) (xy 157.113668 80.849574) (xy 157.190274 80.964224)
        (xy 157.287776 81.061726) (xy 157.402426 81.138332) (xy 157.529818 81.191099) (xy 157.665056 81.218) (xy 157.802944 81.218)
        (xy 157.938182 81.191099) (xy 158.065574 81.138332) (xy 158.180224 81.061726) (xy 158.277726 80.964224) (xy 158.354332 80.849574)
        (xy 158.407099 80.722182) (xy 158.434 80.586944) (xy 158.434 80.449056) (xy 158.407099 80.313818) (xy 158.354332 80.186426)
        (xy 158.277726 80.071776) (xy 158.180224 79.974274) (xy 158.065574 79.897668) (xy 157.938182 79.844901) (xy 157.802944 79.818)
        (xy 157.665056 79.818) (xy 157.642379 79.822511) (xy 157.6395 79.819631) (xy 157.6395 79.731947) (xy 157.720258 79.688781)
        (xy 157.799088 79.624088) (xy 157.863781 79.545258) (xy 157.911853 79.455322) (xy 157.941455 79.357736) (xy 157.951451 79.25625)
        (xy 157.951451 78.74375) (xy 157.941455 78.642264) (xy 157.911853 78.544678) (xy 157.863781 78.454742) (xy 157.799088 78.375912)
        (xy 157.720258 78.311219) (xy 157.630322 78.263147) (xy 157.532736 78.233545) (xy 157.43125 78.223549) (xy 157.075838 78.223549)
        (xy 156.9164 78.064111) (xy 156.9164 77.657389) (xy 157.322339 77.251451) (xy 157.425 77.251451) (xy 157.48381 77.245659)
        (xy 157.54036 77.228504) (xy 157.592477 77.200647) (xy 157.638158 77.163158) (xy 157.675647 77.117477) (xy 157.703504 77.06536)
        (xy 157.720659 77.00881) (xy 157.726451 76.95) (xy 157.726451 76.575) (xy 157.720659 76.51619) (xy 157.715748 76.5)
        (xy 157.720659 76.48381) (xy 157.726451 76.425) (xy 157.726451 76.075) (xy 157.720659 76.01619) (xy 157.715748 76)
        (xy 157.720659 75.98381) (xy 157.726451 75.925) (xy 157.726451 75.726451) (xy 157.925 75.726451) (xy 157.98381 75.720659)
        (xy 158 75.715748) (xy 158.01619 75.720659) (xy 158.075 75.726451) (xy 158.273549 75.726451) (xy 158.273549 75.925)
