(kicad_pcb (version 20171130) (host pcbnew "(5.0.0)")

  (general
    (thickness 1.6)
    (drawings 8)
    (tracks 100)
    (zones 0)
    (modules 12)
    (nets 12)
  )

  (page A4)
  (layers
    (0 F.Cu signal)
    (31 B.Cu signal)
    (32 B.Adhes user hide)
    (33 F.Adhes user hide)
    (34 B.Paste user)
    (35 F.Paste user)
    (36 B.SilkS user)
    (37 F.SilkS user)
    (38 B.Mask user hide)
    (39 F.Mask user hide)
    (40 Dwgs.User user hide)
    (41 Cmts.User user hide)
    (42 Eco1.User user hide)
    (43 Eco2.User user hide)
    (44 Edge.Cuts user hide)
    (45 Margin user hide)
    (46 B.CrtYd user hide)
    (47 F.CrtYd user hide)
    (48 B.Fab user)
    (49 F.Fab user)
  )

  (setup
    (last_trace_width 0.25)
    (trace_clearance 0.2)
    (zone_clearance 0.2)
    (zone_45_only no)
    (trace_min 0.2)
    (segment_width 0.2)
    (edge_width 0.15)
    (via_size 0.8)
    (via_drill 0.4)
    (via_min_size 0.4)
    (via_min_drill 0.3)
    (uvia_size 0.3)
    (uvia_drill 0.1)
    (uvias_allowed no)
    (uvia_min_size 0.2)
    (uvia_min_drill 0.1)
    (pcb_text_width 0.3)
    (pcb_text_size 1.5 1.5)
    (mod_edge_width 0.15)
    (mod_text_size 1 1)
    (mod_text_width 0.15)
    (pad_size 1.524 1.524)
    (pad_drill 0.762)
    (pad_to_mask_clearance 0.2)
    (aux_axis_origin 0 0)
    (visible_elements 7FFFFFFF)
    (pcbplotparams
      (layerselection 0x010fc_ffffffff)
      (usegerberextensions false)
      (usegerberattributes false)
      (usegerberadvancedattributes false)
      (creategerberjobfile false)
      (excludeedgelayer true)
      (linewidth 0.100000)
      (plotframeref false)
      (viasonmask false)
      (mode 1)
      (useauxorigin false)
      (hpglpennumber 1)
      (hpglpenspeed 20)
      (hpglpendiameter 15.000000)
      (psnegative false)
      (psa4output false)
      (plotreference true)
      (plotvalue true)
      (plotinvisibletext false)
      (padsonsilk false)
      (subtractmaskfromsilk false)
      (outputformat 1)
      (mirror false)
      (drillshape 1)
      (scaleselection 1)
      (outputdirectory "ArtWorkAndSilks/"))
  )

  (net 0 "")
  (net 1 VDD)
  (net 2 GND)
  (net 3 VDDA)
  (net 4 /SDX)
  (net 5 "Net-(U1-Pad4)")
  (net 6 /SDA)
  (net 7 /CSB)
  (net 8 /INT1)
  (net 9 /INT2)
  (net 10 "Net-(U1-Pad11)")
  (net 11 /SCX)

  (net_class Default "This is the default net class."
    (clearance 0.2)
    (trace_width 0.25)
    (via_dia 0.8)
    (via_drill 0.4)
    (uvia_dia 0.3)
    (uvia_drill 0.1)
  )

  (net_class Power ""
    (clearance 0.2)
    (trace_width 0.2032)
    (via_dia 0.8)
    (via_drill 0.4)
    (uvia_dia 0.3)
    (uvia_drill 0.1)
    (add_net GND)
    (add_net VDD)
    (add_net VDDA)
  )

  (net_class Signal ""
    (clearance 0.2)
    (trace_width 0.2032)
    (via_dia 0.8)
    (via_drill 0.4)
    (uvia_dia 0.3)
    (uvia_drill 0.1)
    (add_net /CSB)
    (add_net /INT1)
    (add_net /INT2)
    (add_net /SCX)
    (add_net /SDA)
    (add_net /SDX)
    (add_net "Net-(U1-Pad11)")
    (add_net "Net-(U1-Pad4)")
  )

  (module Capacitor_SMD:C_0603_1608Metric (layer F.Cu) (tedit 5B832108) (tstamp 5B8F4AE6)
    (at 158 79)
    (descr "Capacitor SMD 0603 (1608 Metric), square (rectangular) end terminal, IPC_7351 nominal, (Body size source: http://www.tortai-tech.com/upload/download/2011102023233369053.pdf), generated with kicad-footprint-generator")
    (tags capacitor)
    (path /5B81CD7E)
    (attr smd)
    (fp_text reference C1 (at 2.202498 -0.510002) (layer F.SilkS)
      (effects (font (size 1 1) (thickness 0.15)))
    )
    (fp_text value 100nF (at 0 1.43) (layer F.Fab) hide
      (effects (font (size 1 1) (thickness 0.15)))
    )
    (fp_line (start -0.8 0.4) (end -0.8 -0.4) (layer F.Fab) (width 0.1))
    (fp_line (start -0.8 -0.4) (end 0.8 -0.4) (layer F.Fab) (width 0.1))
    (fp_line (start 0.8 -0.4) (end 0.8 0.4) (layer F.Fab) (width 0.1))
    (fp_line (start 0.8 0.4) (end -0.8 0.4) (layer F.Fab) (width 0.1))
    (fp_line (start -0.162779 -0.51) (end 0.162779 -0.51) (layer F.SilkS) (width 0.12))
    (fp_line (start -0.162779 0.51) (end 0.162779 0.51) (layer F.SilkS) (width 0.12))
    (fp_line (start -1.48 0.73) (end -1.48 -0.73) (layer F.CrtYd) (width 0.05))
    (fp_line (start -1.48 -0.73) (end 1.48 -0.73) (layer F.CrtYd) (width 0.05))
    (fp_line (start 1.48 -0.73) (end 1.48 0.73) (layer F.CrtYd) (width 0.05))
    (fp_line (start 1.48 0.73) (end -1.48 0.73) (layer F.CrtYd) (width 0.05))
    (fp_text user %R (at 0 0) (layer F.Fab)
      (effects (font (size 0.4 0.4) (thickness 0.06)))
    )
    (pad 1 smd roundrect (at -0.7875 0) (size 0.875 0.95) (layers F.Cu F.Paste F.Mask) (roundrect_rratio 0.25)
      (net 1 VDD))
    (pad 2 smd roundrect (at 0.7875 0) (size 0.875 0.95) (layers F.Cu F.Paste F.Mask) (roundrect_rratio 0.25)
      (net 2 GND))
    (model ${KISYS3DMOD}/Capacitor_SMD.3dshapes/C_0603_1608Metric.wrl
      (at (xyz 0 0 0))
      (scale (xyz 1 1 1))
      (rotate (xyz 0 0 0))
    )
  )

  (module Capacitor_SMD:C_0603_1608Metric (layer F.Cu) (tedit 5B832123) (tstamp 5B8F4AF7)
    (at 158 73)
    (descr "Capacitor SMD 0603 (1608 Metric), square (rectangular) end terminal, IPC_7351 nominal, (Body size source: http://www.tortai-tech.com/upload/download/2011102023233369053.pdf), generated with kicad-footprint-generator")
    (tags capacitor)
    (path /5B81CDF0)
    (attr smd)
    (fp_text reference C2 (at 2.202498 -0.020002) (layer F.SilkS)
      (effects (font (size 1 1) (thickness 0.15)))
    )
    (fp_text value 100nF (at 0 1.43) (layer F.Fab) hide
      (effects (font (size 1 1) (thickness 0.15)))
    )
    (fp_text user %R (at 0 0) (layer F.Fab)
      (effects (font (size 0.4 0.4) (thickness 0.06)))
    )
    (fp_line (start 1.48 0.73) (end -1.48 0.73) (layer F.CrtYd) (width 0.05))
    (fp_line (start 1.48 -0.73) (end 1.48 0.73) (layer F.CrtYd) (width 0.05))
    (fp_line (start -1.48 -0.73) (end 1.48 -0.73) (layer F.CrtYd) (width 0.05))
    (fp_line (start -1.48 0.73) (end -1.48 -0.73) (layer F.CrtYd) (width 0.05))
    (fp_line (start -0.162779 0.51) (end 0.162779 0.51) (layer F.SilkS) (width 0.12))
    (fp_line (start -0.162779 -0.51) (end 0.162779 -0.51) (layer F.SilkS) (width 0.12))
    (fp_line (start 0.8 0.4) (end -0.8 0.4) (layer F.Fab) (width 0.1))
    (fp_line (start 0.8 -0.4) (end 0.8 0.4) (layer F.Fab) (width 0.1))
    (fp_line (start -0.8 -0.4) (end 0.8 -0.4) (layer F.Fab) (width 0.1))
    (fp_line (start -0.8 0.4) (end -0.8 -0.4) (layer F.Fab) (width 0.1))
    (pad 2 smd roundrect (at 0.7875 0) (size 0.875 0.95) (layers F.Cu F.Paste F.Mask) (roundrect_rratio 0.25)
      (net 2 GND))
    (pad 1 smd roundrect (at -0.7875 0) (size 0.875 0.95) (layers F.Cu F.Paste F.Mask) (roundrect_rratio 0.25)
      (net 3 VDDA))
    (model ${KISYS3DMOD}/Capacitor_SMD.3dshapes/C_0603_1608Metric.wrl
      (at (xyz 0 0 0))
      (scale (xyz 1 1 1))
      (rotate (xyz 0 0 0))
    )
  )

  (module Package_LGA:LGA-12_2x2mm_P0.5mm (layer F.Cu) (tedit 5B832112) (tstamp 5B8F4B1C)
    (at 158 76 270)
    (descr LGA12)
    (tags "lga land grid array")
    (path /5B82BE35)
    (attr smd)
    (fp_text reference U1 (at 0 -1.85 270) (layer F.SilkS)
      (effects (font (size 1 1) (thickness 0.15)))
    )
    (fp_text value BMA400 (at 0 1.6 270) (layer F.Fab) hide
      (effects (font (size 1 1) (thickness 0.15)))
    )
    (fp_text user %R (at 0 0 270) (layer F.Fab)
      (effects (font (size 0.5 0.5) (thickness 0.075)))
    )
    (fp_line (start 1 -1) (end 1 1) (layer F.Fab) (width 0.1))
    (fp_line (start 1 1) (end -1 1) (layer F.Fab) (width 0.1))
    (fp_line (start -1 1) (end -1 -0.5) (layer F.Fab) (width 0.1))
    (fp_line (start -1 -0.5) (end -0.5 -1) (layer F.Fab) (width 0.1))
    (fp_line (start -0.5 -1) (end 1 -1) (layer F.Fab) (width 0.1))
    (fp_line (start 0.6 -1.1) (end 1.1 -1.1) (layer F.SilkS) (width 0.12))
    (fp_line (start 1.1 -1.1) (end 1.1 -0.6) (layer F.SilkS) (width 0.12))
    (fp_line (start 1.1 -0.6) (end 1.1 -0.6) (layer F.SilkS) (width 0.12))
    (fp_line (start 1.1 0.6) (end 1.1 1.1) (layer F.SilkS) (width 0.12))
    (fp_line (start 1.1 1.1) (end 0.6 1.1) (layer F.SilkS) (width 0.12))
    (fp_line (start 0.6 1.1) (end 0.6 1.1) (layer F.SilkS) (width 0.12))
    (fp_line (start -0.6 1.1) (end -1.1 1.1) (layer F.SilkS) (width 0.12))
    (fp_line (start -1.1 1.1) (end -1.1 0.6) (layer F.SilkS) (width 0.12))
    (fp_line (start -1.1 0.6) (end -1.1 0.6) (layer F.SilkS) (width 0.12))
    (fp_line (start -0.6 -1.1) (end -1.1 -1.1) (layer F.SilkS) (width 0.12))
    (fp_line (start -1.1 -1.1) (end -1.1 -1.1) (layer F.SilkS) (width 0.12))
    (fp_line (start 1.25 -1.25) (end 1.25 1.25) (layer F.CrtYd) (width 0.05))
    (fp_line (start 1.25 1.25) (end -1.25 1.25) (layer F.CrtYd) (width 0.05))
    (fp_line (start -1.25 1.25) (end -1.25 -1.25) (layer F.CrtYd) (width 0.05))
    (fp_line (start -1.25 -1.25) (end 1.25 -1.25) (layer F.CrtYd) (width 0.05))
    (pad 2 smd rect (at -0.7625 -0.25 270) (size 0.375 0.35) (layers F.Cu F.Paste F.Mask)
      (net 4 /SDX))
    (pad 3 smd rect (at -0.7625 0.25 270) (size 0.375 0.35) (layers F.Cu F.Paste F.Mask)
      (net 3 VDDA))
    (pad 9 smd rect (at 0.7625 -0.25 270) (size 0.375 0.35) (layers F.Cu F.Paste F.Mask)
      (net 2 GND))
    (pad 8 smd rect (at 0.7625 0.25 270) (size 0.375 0.35) (layers F.Cu F.Paste F.Mask)
      (net 2 GND))
    (pad 4 smd rect (at -0.7625 0.75 270) (size 0.375 0.35) (layers F.Cu F.Paste F.Mask)
      (net 5 "Net-(U1-Pad4)"))
    (pad 7 smd rect (at 0.7625 0.75 270) (size 0.375 0.35) (layers F.Cu F.Paste F.Mask)
      (net 1 VDD))
    (pad 1 smd rect (at -0.7625 -0.75 270) (size 0.375 0.35) (layers F.Cu F.Paste F.Mask)
      (net 6 /SDA))
    (pad 10 smd rect (at 0.7625 -0.75 270) (size 0.375 0.35) (layers F.Cu F.Paste F.Mask)
      (net 7 /CSB))
    (pad 5 smd rect (at -0.25 0.7625) (size 0.375 0.35) (layers F.Cu F.Paste F.Mask)
      (net 8 /INT1))
    (pad 6 smd rect (at 0.25 0.7625) (size 0.375 0.35) (layers F.Cu F.Paste F.Mask)
      (net 9 /INT2))
    (pad 11 smd rect (at 0.25 -0.7625) (size 0.375 0.35) (layers F.Cu F.Paste F.Mask)
      (net 10 "Net-(U1-Pad11)"))
    (pad 12 smd rect (at -0.25 -0.7625) (size 0.375 0.35) (layers F.Cu F.Paste F.Mask)
      (net 11 /SCX))
    (model ${KISYS3DMOD}/Package_LGA.3dshapes/LGA-12_2x2mm_P0.5mm.wrl
      (at (xyz 0 0 0))
      (scale (xyz 1 1 1))
      (rotate (xyz 0 0 0))
    )
  )

  (module Connector_PinHeader_2.54mm:PinHeader_1x09_P2.54mm_Vertical (layer F.Cu) (tedit 5B83215C) (tstamp 5B8F4EC0)
    (at 168 67)
    (descr "Through hole straight pin header, 1x09, 2.54mm pitch, single row")
    (tags "Through hole pin header THT 1x09 2.54mm single row")
    (path /5B833216)
    (fp_text reference J1 (at 0 -2.33) (layer F.SilkS)
      (effects (font (size 1 1) (thickness 0.15)))
    )
    (fp_text value Conn_01x09_Male (at 0 22.65) (layer F.Fab) hide
      (effects (font (size 1 1) (thickness 0.15)))
    )
    (fp_line (start -0.635 -1.27) (end 1.27 -1.27) (layer F.Fab) (width 0.1))
    (fp_line (start 1.27 -1.27) (end 1.27 21.59) (layer F.Fab) (width 0.1))
    (fp_line (start 1.27 21.59) (end -1.27 21.59) (layer F.Fab) (width 0.1))
    (fp_line (start -1.27 21.59) (end -1.27 -0.635) (layer F.Fab) (width 0.1))
    (fp_line (start -1.27 -0.635) (end -0.635 -1.27) (layer F.Fab) (width 0.1))
    (fp_line (start -1.33 21.65) (end 1.33 21.65) (layer F.SilkS) (width 0.12))
    (fp_line (start -1.33 1.27) (end -1.33 21.65) (layer F.SilkS) (width 0.12))
    (fp_line (start 1.33 1.27) (end 1.33 21.65) (layer F.SilkS) (width 0.12))
    (fp_line (start -1.33 1.27) (end 1.33 1.27) (layer F.SilkS) (width 0.12))
    (fp_line (start -1.33 0) (end -1.33 -1.33) (layer F.SilkS) (width 0.12))
    (fp_line (start -1.33 -1.33) (end 0 -1.33) (layer F.SilkS) (width 0.12))
    (fp_line (start -1.8 -1.8) (end -1.8 22.1) (layer F.CrtYd) (width 0.05))
    (fp_line (start -1.8 22.1) (end 1.8 22.1) (layer F.CrtYd) (width 0.05))
    (fp_line (start 1.8 22.1) (end 1.8 -1.8) (layer F.CrtYd) (width 0.05))
    (fp_line (start 1.8 -1.8) (end -1.8 -1.8) (layer F.CrtYd) (width 0.05))
    (fp_text user %R (at 0 10.16 90) (layer F.Fab)
      (effects (font (size 1 1) (thickness 0.15)))
    )
    (pad 1 thru_hole rect (at 0 0) (size 1.7 1.7) (drill 1) (layers *.Cu *.Mask)
      (net 1 VDD))
    (pad 2 thru_hole oval (at 0 2.54) (size 1.7 1.7) (drill 1) (layers *.Cu *.Mask)
      (net 3 VDDA))
    (pad 3 thru_hole oval (at 0 5.08) (size 1.7 1.7) (drill 1) (layers *.Cu *.Mask)
      (net 6 /SDA))
    (pad 4 thru_hole oval (at 0 7.62) (size 1.7 1.7) (drill 1) (layers *.Cu *.Mask)
      (net 4 /SDX))
    (pad 5 thru_hole oval (at 0 10.16) (size 1.7 1.7) (drill 1) (layers *.Cu *.Mask)
      (net 11 /SCX))
    (pad 6 thru_hole oval (at 0 12.7) (size 1.7 1.7) (drill 1) (layers *.Cu *.Mask)
      (net 7 /CSB))
    (pad 7 thru_hole oval (at 0 15.24) (size 1.7 1.7) (drill 1) (layers *.Cu *.Mask)
      (net 8 /INT1))
    (pad 8 thru_hole oval (at 0 17.78) (size 1.7 1.7) (drill 1) (layers *.Cu *.Mask)
      (net 9 /INT2))
    (pad 9 thru_hole oval (at 0 20.32) (size 1.7 1.7) (drill 1) (layers *.Cu *.Mask)
      (net 2 GND))
    (model ${KISYS3DMOD}/Connector_PinHeader_2.54mm.3dshapes/PinHeader_1x09_P2.54mm_Vertical.wrl
      (at (xyz 0 0 0))
      (scale (xyz 1 1 1))
      (rotate (xyz 0 0 0))
    )
  )

  (module Capacitor_SMD:C_0603_1608Metric (layer F.Cu) (tedit 5B83212B) (tstamp 5B8F4ED1)
    (at 164 74 270)
    (descr "Capacitor SMD 0603 (1608 Metric), square (rectangular) end terminal, IPC_7351 nominal, (Body size source: http://www.tortai-tech.com/upload/download/2011102023233369053.pdf), generated with kicad-footprint-generator")
    (tags capacitor)
    (path /5B83387B)
    (attr smd)
    (fp_text reference R1 (at 0 -1.43 270) (layer F.SilkS)
      (effects (font (size 1 1) (thickness 0.15)))
    )
    (fp_text value 4K7 (at 0 1.43 270) (layer F.Fab) hide
      (effects (font (size 1 1) (thickness 0.15)))
    )
    (fp_line (start -0.8 0.4) (end -0.8 -0.4) (layer F.Fab) (width 0.1))
    (fp_line (start -0.8 -0.4) (end 0.8 -0.4) (layer F.Fab) (width 0.1))
    (fp_line (start 0.8 -0.4) (end 0.8 0.4) (layer F.Fab) (width 0.1))
    (fp_line (start 0.8 0.4) (end -0.8 0.4) (layer F.Fab) (width 0.1))
    (fp_line (start -0.162779 -0.51) (end 0.162779 -0.51) (layer F.SilkS) (width 0.12))
    (fp_line (start -0.162779 0.51) (end 0.162779 0.51) (layer F.SilkS) (width 0.12))
    (fp_line (start -1.48 0.73) (end -1.48 -0.73) (layer F.CrtYd) (width 0.05))
    (fp_line (start -1.48 -0.73) (end 1.48 -0.73) (layer F.CrtYd) (width 0.05))
    (fp_line (start 1.48 -0.73) (end 1.48 0.73) (layer F.CrtYd) (width 0.05))
    (fp_line (start 1.48 0.73) (end -1.48 0.73) (layer F.CrtYd) (width 0.05))
    (fp_text user %R (at 0 0 270) (layer F.Fab)
      (effects (font (size 0.4 0.4) (thickness 0.06)))
    )
    (pad 1 smd roundrect (at -0.7875 0 270) (size 0.875 0.95) (layers F.Cu F.Paste F.Mask) (roundrect_rratio 0.25)
      (net 3 VDDA))
    (pad 2 smd roundrect (at 0.7875 0 270) (size 0.875 0.95) (layers F.Cu F.Paste F.Mask) (roundrect_rratio 0.25)
      (net 4 /SDX))
    (model ${KISYS3DMOD}/Capacitor_SMD.3dshapes/C_0603_1608Metric.wrl
      (at (xyz 0 0 0))
      (scale (xyz 1 1 1))
      (rotate (xyz 0 0 0))
    )
  )

  (module Capacitor_SMD:C_0603_1608Metric (layer F.Cu) (tedit 5B832081) (tstamp 5B8F4EE2)
    (at 164 78 270)
    (descr "Capacitor SMD 0603 (1608 Metric), square (rectangular) end terminal, IPC_7351 nominal, (Body size source: http://www.tortai-tech.com/upload/download/2011102023233369053.pdf), generated with kicad-footprint-generator")
    (tags capacitor)
    (path /5B83391C)
    (attr smd)
    (fp_text reference R2 (at 0 -1.43 270) (layer F.SilkS)
      (effects (font (size 1 1) (thickness 0.15)))
    )
    (fp_text value 4K7 (at 0 1.43 270) (layer F.Fab) hide
      (effects (font (size 1 1) (thickness 0.15)))
    )
    (fp_text user %R (at 0 0 270) (layer F.Fab)
      (effects (font (size 0.4 0.4) (thickness 0.06)))
    )
    (fp_line (start 1.48 0.73) (end -1.48 0.73) (layer F.CrtYd) (width 0.05))
    (fp_line (start 1.48 -0.73) (end 1.48 0.73) (layer F.CrtYd) (width 0.05))
    (fp_line (start -1.48 -0.73) (end 1.48 -0.73) (layer F.CrtYd) (width 0.05))
    (fp_line (start -1.48 0.73) (end -1.48 -0.73) (layer F.CrtYd) (width 0.05))
    (fp_line (start -0.162779 0.51) (end 0.162779 0.51) (layer F.SilkS) (width 0.12))
    (fp_line (start -0.162779 -0.51) (end 0.162779 -0.51) (layer F.SilkS) (width 0.12))
    (fp_line (start 0.8 0.4) (end -0.8 0.4) (layer F.Fab) (width 0.1))
    (fp_line (start 0.8 -0.4) (end 0.8 0.4) (layer F.Fab) (width 0.1))
    (fp_line (start -0.8 -0.4) (end 0.8 -0.4) (layer F.Fab) (width 0.1))
    (fp_line (start -0.8 0.4) (end -0.8 -0.4) (layer F.Fab) (width 0.1))
    (pad 2 smd roundrect (at 0.7875 0 270) (size 0.875 0.95) (layers F.Cu F.Paste F.Mask) (roundrect_rratio 0.25)
      (net 11 /SCX))
    (pad 1 smd roundrect (at -0.7875 0 270) (size 0.875 0.95) (layers F.Cu F.Paste F.Mask) (roundrect_rratio 0.25)
      (net 3 VDDA))
    (model ${KISYS3DMOD}/Capacitor_SMD.3dshapes/C_0603_1608Metric.wrl
      (at (xyz 0 0 0))
      (scale (xyz 1 1 1))
      (rotate (xyz 0 0 0))
    )
  )

  (module Capacitor_SMD:C_0603_1608Metric (layer F.Cu) (tedit 5B832075) (tstamp 5B8F4EF3)
    (at 164 70 270)
    (descr "Capacitor SMD 0603 (1608 Metric), square (rectangular) end terminal, IPC_7351 nominal, (Body size source: http://www.tortai-tech.com/upload/download/2011102023233369053.pdf), generated with kicad-footprint-generator")
    (tags capacitor)
    (path /5B833966)
    (attr smd)
    (fp_text reference R3 (at 0 -1.43 270) (layer F.SilkS)
      (effects (font (size 1 1) (thickness 0.15)))
    )
    (fp_text value 4K7 (at 0 1.43 270) (layer F.Fab) hide
      (effects (font (size 1 1) (thickness 0.15)))
    )
    (fp_line (start -0.8 0.4) (end -0.8 -0.4) (layer F.Fab) (width 0.1))
    (fp_line (start -0.8 -0.4) (end 0.8 -0.4) (layer F.Fab) (width 0.1))
    (fp_line (start 0.8 -0.4) (end 0.8 0.4) (layer F.Fab) (width 0.1))
    (fp_line (start 0.8 0.4) (end -0.8 0.4) (layer F.Fab) (width 0.1))
    (fp_line (start -0.162779 -0.51) (end 0.162779 -0.51) (layer F.SilkS) (width 0.12))
    (fp_line (start -0.162779 0.51) (end 0.162779 0.51) (layer F.SilkS) (width 0.12))
    (fp_line (start -1.48 0.73) (end -1.48 -0.73) (layer F.CrtYd) (width 0.05))
    (fp_line (start -1.48 -0.73) (end 1.48 -0.73) (layer F.CrtYd) (width 0.05))
    (fp_line (start 1.48 -0.73) (end 1.48 0.73) (layer F.CrtYd) (width 0.05))
    (fp_line (start 1.48 0.73) (end -1.48 0.73) (layer F.CrtYd) (width 0.05))
    (fp_text user %R (at 0 0 270) (layer F.Fab)
      (effects (font (size 0.4 0.4) (thickness 0.06)))
    )
    (pad 1 smd roundrect (at -0.7875 0 270) (size 0.875 0.95) (layers F.Cu F.Paste F.Mask) (roundrect_rratio 0.25)
      (net 3 VDDA))
    (pad 2 smd roundrect (at 0.7875 0 270) (size 0.875 0.95) (layers F.Cu F.Paste F.Mask) (roundrect_rratio 0.25)
      (net 6 /SDA))
    (model ${KISYS3DMOD}/Capacitor_SMD.3dshapes/C_0603_1608Metric.wrl
      (at (xyz 0 0 0))
      (scale (xyz 1 1 1))
      (rotate (xyz 0 0 0))
    )
  )

  (module Capacitor_SMD:C_0603_1608Metric (layer F.Cu) (tedit 5B832065) (tstamp 5B8F4F04)
    (at 162 70 90)
    (descr "Capacitor SMD 0603 (1608 Metric), square (rectangular) end terminal, IPC_7351 nominal, (Body size source: http://www.tortai-tech.com/upload/download/2011102023233369053.pdf), generated with kicad-footprint-generator")
    (tags capacitor)
    (path /5B8361C5)
    (attr smd)
    (fp_text reference R4 (at 0 -1.43 90) (layer F.SilkS)
      (effects (font (size 1 1) (thickness 0.15)))
    )
    (fp_text value 4K7 (at 0 1.43 90) (layer F.Fab) hide
      (effects (font (size 1 1) (thickness 0.15)))
    )
    (fp_text user %R (at 0 0 90) (layer F.Fab) hide
      (effects (font (size 0.4 0.4) (thickness 0.06)))
    )
    (fp_line (start 1.48 0.73) (end -1.48 0.73) (layer F.CrtYd) (width 0.05))
    (fp_line (start 1.48 -0.73) (end 1.48 0.73) (layer F.CrtYd) (width 0.05))
    (fp_line (start -1.48 -0.73) (end 1.48 -0.73) (layer F.CrtYd) (width 0.05))
    (fp_line (start -1.48 0.73) (end -1.48 -0.73) (layer F.CrtYd) (width 0.05))
    (fp_line (start -0.162779 0.51) (end 0.162779 0.51) (layer F.SilkS) (width 0.12))
    (fp_line (start -0.162779 -0.51) (end 0.162779 -0.51) (layer F.SilkS) (width 0.12))
    (fp_line (start 0.8 0.4) (end -0.8 0.4) (layer F.Fab) (width 0.1))
    (fp_line (start 0.8 -0.4) (end 0.8 0.4) (layer F.Fab) (width 0.1))
    (fp_line (start -0.8 -0.4) (end 0.8 -0.4) (layer F.Fab) (width 0.1))
    (fp_line (start -0.8 0.4) (end -0.8 -0.4) (layer F.Fab) (width 0.1))
    (pad 2 smd roundrect (at 0.7875 0 90) (size 0.875 0.95) (layers F.Cu F.Paste F.Mask) (roundrect_rratio 0.25)
      (net 2 GND))
    (pad 1 smd roundrect (at -0.7875 0 90) (size 0.875 0.95) (layers F.Cu F.Paste F.Mask) (roundrect_rratio 0.25)
      (net 6 /SDA))
    (model ${KISYS3DMOD}/Capacitor_SMD.3dshapes/C_0603_1608Metric.wrl
      (at (xyz 0 0 0))
      (scale (xyz 1 1 1))
      (rotate (xyz 0 0 0))
    )
  )

  (module Capacitor_SMD:C_0603_1608Metric (layer F.Cu) (tedit 5B8320B0) (tstamp 5B8F4F15)
    (at 162 82 90)
    (descr "Capacitor SMD 0603 (1608 Metric), square (rectangular) end terminal, IPC_7351 nominal, (Body size source: http://www.tortai-tech.com/upload/download/2011102023233369053.pdf), generated with kicad-footprint-generator")
    (tags capacitor)
    (path /5B8339D3)
    (attr smd)
    (fp_text reference R5 (at 0 -1.43 90) (layer F.SilkS)
      (effects (font (size 1 1) (thickness 0.15)))
    )
    (fp_text value 4K7 (at 0 1.43 90) (layer F.Fab) hide
      (effects (font (size 1 1) (thickness 0.15)))
    )
    (fp_text user %R (at 0 0 90) (layer F.Fab)
      (effects (font (size 0.4 0.4) (thickness 0.06)))
    )
    (fp_line (start 1.48 0.73) (end -1.48 0.73) (layer F.CrtYd) (width 0.05))
    (fp_line (start 1.48 -0.73) (end 1.48 0.73) (layer F.CrtYd) (width 0.05))
    (fp_line (start -1.48 -0.73) (end 1.48 -0.73) (layer F.CrtYd) (width 0.05))
    (fp_line (start -1.48 0.73) (end -1.48 -0.73) (layer F.CrtYd) (width 0.05))
    (fp_line (start -0.162779 0.51) (end 0.162779 0.51) (layer F.SilkS) (width 0.12))
    (fp_line (start -0.162779 -0.51) (end 0.162779 -0.51) (layer F.SilkS) (width 0.12))
    (fp_line (start 0.8 0.4) (end -0.8 0.4) (layer F.Fab) (width 0.1))
    (fp_line (start 0.8 -0.4) (end 0.8 0.4) (layer F.Fab) (width 0.1))
    (fp_line (start -0.8 -0.4) (end 0.8 -0.4) (layer F.Fab) (width 0.1))
    (fp_line (start -0.8 0.4) (end -0.8 -0.4) (layer F.Fab) (width 0.1))
    (pad 2 smd roundrect (at 0.7875 0 90) (size 0.875 0.95) (layers F.Cu F.Paste F.Mask) (roundrect_rratio 0.25)
      (net 7 /CSB))
    (pad 1 smd roundrect (at -0.7875 0 90) (size 0.875 0.95) (layers F.Cu F.Paste F.Mask) (roundrect_rratio 0.25)
      (net 3 VDDA))
    (model ${KISYS3DMOD}/Capacitor_SMD.3dshapes/C_0603_1608Metric.wrl
      (at (xyz 0 0 0))
      (scale (xyz 1 1 1))
      (rotate (xyz 0 0 0))
    )
  )

  (module Capacitor_SMD:C_0603_1608Metric (layer F.Cu) (tedit 5B8320C3) (tstamp 5B8F4F26)
    (at 164 82 270)
    (descr "Capacitor SMD 0603 (1608 Metric), square (rectangular) end terminal, IPC_7351 nominal, (Body size source: http://www.tortai-tech.com/upload/download/2011102023233369053.pdf), generated with kicad-footprint-generator")
    (tags capacitor)
    (path /5B834DBB)
    (attr smd)
    (fp_text reference R6 (at 0 -1.43 270) (layer F.SilkS)
      (effects (font (size 1 1) (thickness 0.15)))
    )
    (fp_text value 4K7 (at 0 1.43 270) (layer F.Fab) hide
      (effects (font (size 1 1) (thickness 0.15)))
    )
    (fp_line (start -0.8 0.4) (end -0.8 -0.4) (layer F.Fab) (width 0.1))
    (fp_line (start -0.8 -0.4) (end 0.8 -0.4) (layer F.Fab) (width 0.1))
    (fp_line (start 0.8 -0.4) (end 0.8 0.4) (layer F.Fab) (width 0.1))
    (fp_line (start 0.8 0.4) (end -0.8 0.4) (layer F.Fab) (width 0.1))
    (fp_line (start -0.162779 -0.51) (end 0.162779 -0.51) (layer F.SilkS) (width 0.12))
    (fp_line (start -0.162779 0.51) (end 0.162779 0.51) (layer F.SilkS) (width 0.12))
    (fp_line (start -1.48 0.73) (end -1.48 -0.73) (layer F.CrtYd) (width 0.05))
    (fp_line (start -1.48 -0.73) (end 1.48 -0.73) (layer F.CrtYd) (width 0.05))
    (fp_line (start 1.48 -0.73) (end 1.48 0.73) (layer F.CrtYd) (width 0.05))
    (fp_line (start 1.48 0.73) (end -1.48 0.73) (layer F.CrtYd) (width 0.05))
    (fp_text user %R (at 0 0 270) (layer F.Fab)
      (effects (font (size 0.4 0.4) (thickness 0.06)))
    )
    (pad 1 smd roundrect (at -0.7875 0 270) (size 0.875 0.95) (layers F.Cu F.Paste F.Mask) (roundrect_rratio 0.25)
      (net 7 /CSB))
    (pad 2 smd roundrect (at 0.7875 0 270) (size 0.875 0.95) (layers F.Cu F.Paste F.Mask) (roundrect_rratio 0.25)
      (net 2 GND))
    (model ${KISYS3DMOD}/Capacitor_SMD.3dshapes/C_0603_1608Metric.wrl
      (at (xyz 0 0 0))
      (scale (xyz 1 1 1))
      (rotate (xyz 0 0 0))
    )
  )

  (module ArtWorkAndSilks:topsilk (layer F.Cu) (tedit 5B8422E6) (tstamp 5B842E3B)
    (at 162.5 77)
    (fp_text reference G*** (at 0 0) (layer F.SilkS) hide
      (effects (font (size 1.524 1.524) (thickness 0.3)))
    )
    (fp_text value LOGO (at 0.75 0) (layer F.SilkS) hide
      (effects (font (size 1.524 1.524) (thickness 0.3)))
    )
    (fp_poly (pts (xy -7.634901 -13.387524) (xy -7.646878 -13.344343) (xy -7.65175 -13.335) (xy -7.684089 -13.28513)
      (xy -7.700493 -13.2715) (xy -7.712502 -13.298209) (xy -7.71525 -13.335) (xy -7.694885 -13.387137)
      (xy -7.666508 -13.3985) (xy -7.634901 -13.387524)) (layer F.SilkS) (width 0.01))
    (fp_poly (pts (xy 7.201954 -13.393176) (xy 7.337277 -13.389709) (xy 7.425553 -13.384723) (xy 7.455736 -13.379897)
      (xy 7.511863 -13.358314) (xy 7.530143 -13.353618) (xy 7.56664 -13.332796) (xy 7.625842 -13.286146)
      (xy 7.628981 -13.28343) (xy 7.65618 -13.258041) (xy 7.676202 -13.229764) (xy 7.690221 -13.189112)
      (xy 7.699411 -13.126596) (xy 7.704943 -13.032728) (xy 7.707991 -12.898018) (xy 7.709727 -12.712979)
      (xy 7.7103 -12.625605) (xy 7.711362 -12.418288) (xy 7.710841 -12.264761) (xy 7.707696 -12.155315)
      (xy 7.700888 -12.080241) (xy 7.689378 -12.029832) (xy 7.672126 -11.994379) (xy 7.648091 -11.964173)
      (xy 7.638328 -11.953523) (xy 7.555684 -11.887248) (xy 7.465351 -11.843927) (xy 7.404977 -11.835804)
      (xy 7.293216 -11.829113) (xy 7.141809 -11.823895) (xy 6.962495 -11.820194) (xy 6.767015 -11.818049)
      (xy 6.56711 -11.817506) (xy 6.374518 -11.818604) (xy 6.200981 -11.821387) (xy 6.058238 -11.825897)
      (xy 5.958029 -11.832176) (xy 5.916844 -11.838359) (xy 5.836653 -11.874964) (xy 5.756676 -11.930665)
      (xy 5.693647 -11.991072) (xy 5.664299 -12.041793) (xy 5.665161 -12.054807) (xy 5.666946 -12.092317)
      (xy 5.658441 -12.096823) (xy 5.653055 -12.12652) (xy 5.64848 -12.207298) (xy 5.644827 -12.326742)
      (xy 5.642208 -12.472436) (xy 5.640735 -12.631965) (xy 5.640607 -12.728509) (xy 6.032786 -12.728509)
      (xy 6.0345 -12.596178) (xy 6.036779 -12.429415) (xy 6.040638 -12.314712) (xy 6.04832 -12.240635)
      (xy 6.062068 -12.195747) (xy 6.084124 -12.168612) (xy 6.116731 -12.147796) (xy 6.123119 -12.144264)
      (xy 6.189386 -12.125333) (xy 6.301845 -12.111184) (xy 6.4471 -12.101786) (xy 6.611758 -12.097104)
      (xy 6.782424 -12.097107) (xy 6.945704 -12.101762) (xy 7.088204 -12.111036) (xy 7.19653 -12.124895)
      (xy 7.257288 -12.143309) (xy 7.262084 -12.147049) (xy 7.279178 -12.195633) (xy 7.2929 -12.297135)
      (xy 7.302763 -12.441042) (xy 7.308281 -12.616836) (xy 7.308969 -12.814003) (xy 7.304342 -13.022027)
      (xy 7.303524 -13.044169) (xy 7.270895 -13.082879) (xy 7.178146 -13.112018) (xy 7.027984 -13.131223)
      (xy 6.823118 -13.140134) (xy 6.593406 -13.139035) (xy 6.39162 -13.134566) (xy 6.244651 -13.12588)
      (xy 6.143949 -13.104671) (xy 6.080962 -13.062636) (xy 6.04714 -12.991467) (xy 6.033932 -12.88286)
      (xy 6.032786 -12.728509) (xy 5.640607 -12.728509) (xy 5.640521 -12.792914) (xy 5.641678 -12.942867)
      (xy 5.644318 -13.06941) (xy 5.648554 -13.160126) (xy 5.6488 -13.163375) (xy 5.669798 -13.208414)
      (xy 5.718224 -13.275426) (xy 5.730724 -13.290375) (xy 5.809949 -13.382625) (xy 6.606274 -13.39303)
      (xy 6.827196 -13.39498) (xy 7.028842 -13.394981) (xy 7.201954 -13.393176)) (layer F.SilkS) (width 0.01))
    (fp_poly (pts (xy 4.873581 -13.390049) (xy 4.984516 -13.38562) (xy 5.060887 -13.37845) (xy 5.109922 -13.368214)
      (xy 5.138852 -13.354586) (xy 5.144035 -13.350391) (xy 5.193062 -13.321221) (xy 5.217097 -13.323931)
      (xy 5.241053 -13.311935) (xy 5.274437 -13.256129) (xy 5.283057 -13.236688) (xy 5.301871 -13.16917)
      (xy 5.315427 -13.065104) (xy 5.324266 -12.916931) (xy 5.328927 -12.717094) (xy 5.329909 -12.58129)
      (xy 5.330203 -12.382451) (xy 5.32886 -12.236921) (xy 5.32469 -12.134511) (xy 5.316502 -12.065031)
      (xy 5.303106 -12.018293) (xy 5.283312 -11.984106) (xy 5.256489 -11.952887) (xy 5.172425 -11.886273)
      (xy 5.080565 -11.842913) (xy 5.019391 -11.834336) (xy 4.905721 -11.826802) (xy 4.750554 -11.82071)
      (xy 4.564893 -11.816457) (xy 4.359736 -11.814442) (xy 4.291698 -11.814335) (xy 4.053046 -11.815248)
      (xy 3.869099 -11.818102) (xy 3.731076 -11.823459) (xy 3.630198 -11.831881) (xy 3.557684 -11.843927)
      (xy 3.504754 -11.86016) (xy 3.4925 -11.865417) (xy 3.415311 -11.897081) (xy 3.364139 -11.911564)
      (xy 3.35851 -11.911526) (xy 3.327699 -11.932237) (xy 3.295471 -11.978004) (xy 3.279003 -12.033119)
      (xy 3.267033 -12.135006) (xy 3.259264 -12.288407) (xy 3.256588 -12.433583) (xy 3.651146 -12.433583)
      (xy 3.656143 -12.305648) (xy 3.674198 -12.214476) (xy 3.713273 -12.154104) (xy 3.781327 -12.118567)
      (xy 3.886319 -12.101902) (xy 4.036209 -12.098145) (xy 4.238957 -12.101331) (xy 4.320332 -12.102917)
      (xy 4.525579 -12.107853) (xy 4.675981 -12.114546) (xy 4.780184 -12.123865) (xy 4.846838 -12.136677)
      (xy 4.884591 -12.153849) (xy 4.891832 -12.16025) (xy 4.909891 -12.210336) (xy 4.923826 -12.308136)
      (xy 4.933411 -12.438197) (xy 4.938418 -12.585066) (xy 4.93862 -12.733289) (xy 4.933789 -12.867414)
      (xy 4.923698 -12.971986) (xy 4.908121 -13.031552) (xy 4.904719 -13.036299) (xy 4.856392 -13.077784)
      (xy 4.794073 -13.107437) (xy 4.707149 -13.127089) (xy 4.585006 -13.138567) (xy 4.41703 -13.1437)
      (xy 4.276744 -13.1445) (xy 4.094324 -13.143733) (xy 3.963834 -13.140493) (xy 3.873711 -13.133377)
      (xy 3.812393 -13.120981) (xy 3.768318 -13.101901) (xy 3.734906 -13.078696) (xy 3.700637 -13.049633)
      (xy 3.677296 -13.018121) (xy 3.662784 -12.972262) (xy 3.655005 -12.900158) (xy 3.65186 -12.789912)
      (xy 3.651252 -12.629625) (xy 3.65125 -12.604246) (xy 3.651146 -12.433583) (xy 3.256588 -12.433583)
      (xy 3.255399 -12.498063) (xy 3.254836 -12.627741) (xy 3.254375 -13.206357) (xy 3.430389 -13.382625)
      (xy 4.26109 -13.390148) (xy 4.519098 -13.391987) (xy 4.720852 -13.392063) (xy 4.873581 -13.390049)) (layer F.SilkS) (width 0.01))
    (fp_poly (pts (xy 1.2065 -13.04925) (xy 1.206389 -12.886311) (xy 1.207004 -12.775155) (xy 1.209764 -12.70407)
      (xy 1.216087 -12.661344) (xy 1.227391 -12.635265) (xy 1.245097 -12.614119) (xy 1.261308 -12.596813)
      (xy 1.286346 -12.576418) (xy 1.325246 -12.561647) (xy 1.387486 -12.551625) (xy 1.482544 -12.545474)
      (xy 1.619899 -12.542318) (xy 1.809028 -12.541281) (xy 1.862295 -12.54125) (xy 2.413 -12.54125)
      (xy 2.413 -13.3985) (xy 2.794 -13.3985) (xy 2.794 -12.54125) (xy 2.88925 -12.54125)
      (xy 2.94782 -12.537109) (xy 2.975561 -12.513195) (xy 2.983961 -12.452277) (xy 2.9845 -12.398375)
      (xy 2.981697 -12.310505) (xy 2.965753 -12.268886) (xy 2.92536 -12.256294) (xy 2.8907 -12.2555)
      (xy 2.840948 -12.253121) (xy 2.812174 -12.236588) (xy 2.797595 -12.191811) (xy 2.790425 -12.104698)
      (xy 2.787513 -12.041188) (xy 2.778125 -11.826875) (xy 2.595562 -11.817354) (xy 2.413 -11.807832)
      (xy 2.413 -12.2555) (xy 1.77698 -12.2555) (xy 1.50786 -12.256311) (xy 1.295468 -12.262001)
      (xy 1.133031 -12.277458) (xy 1.013775 -12.307569) (xy 0.930929 -12.357221) (xy 0.877719 -12.431301)
      (xy 0.847373 -12.534697) (xy 0.833118 -12.672296) (xy 0.828182 -12.848985) (xy 0.827213 -12.940861)
      (xy 0.822861 -13.3985) (xy 1.2065 -13.3985) (xy 1.2065 -13.04925)) (layer F.SilkS) (width 0.01))
    (fp_poly (pts (xy -0.215257 -13.395144) (xy 0.002793 -13.391738) (xy 0.174187 -13.386235) (xy 0.29402 -13.378816)
      (xy 0.35739 -13.369663) (xy 0.366069 -13.365222) (xy 0.401433 -13.346231) (xy 0.4107 -13.349609)
      (xy 0.44769 -13.340335) (xy 0.495819 -13.299228) (xy 0.515412 -13.273067) (xy 0.530216 -13.237939)
      (xy 0.540893 -13.185326) (xy 0.548104 -13.106707) (xy 0.552513 -12.993562) (xy 0.554782 -12.837371)
      (xy 0.555573 -12.629616) (xy 0.555625 -12.530039) (xy 0.555625 -11.826875) (xy 0.357187 -11.817423)
      (xy 0.15875 -11.80797) (xy 0.15875 -12.348251) (xy -1.143064 -12.366625) (xy -1.143032 -12.088813)
      (xy -1.143 -11.811) (xy -1.557895 -11.811) (xy -1.554455 -12.461465) (xy -1.553102 -12.573)
      (xy -1.147261 -12.573) (xy 0.15875 -12.573) (xy 0.15875 -12.804069) (xy 0.157271 -12.91958)
      (xy 0.147491 -13.00594) (xy 0.121397 -13.067187) (xy 0.070974 -13.107359) (xy -0.011793 -13.130496)
      (xy -0.134917 -13.140634) (xy -0.306413 -13.141814) (xy -0.50518 -13.13862) (xy -0.711584 -13.133603)
      (xy -0.863177 -13.126879) (xy -0.968646 -13.117578) (xy -1.036675 -13.10483) (xy -1.075948 -13.087767)
      (xy -1.084466 -13.080655) (xy -1.116758 -13.011966) (xy -1.135572 -12.883304) (xy -1.139806 -12.802843)
      (xy -1.147261 -12.573) (xy -1.553102 -12.573) (xy -1.55197 -12.666174) (xy -1.547089 -12.844162)
      (xy -1.540252 -12.986543) (xy -1.531903 -13.084433) (xy -1.522485 -13.128947) (xy -1.521115 -13.130409)
      (xy -1.50443 -13.167165) (xy -1.508125 -13.176251) (xy -1.502721 -13.214962) (xy -1.49225 -13.223876)
      (xy -1.472411 -13.260355) (xy -1.476191 -13.271202) (xy -1.462469 -13.301531) (xy -1.407018 -13.340842)
      (xy -1.394895 -13.347167) (xy -1.353775 -13.362618) (xy -1.294802 -13.374576) (xy -1.210323 -13.383449)
      (xy -1.092685 -13.389648) (xy -0.934233 -13.393579) (xy -0.727315 -13.395652) (xy -0.475061 -13.396273)
      (xy -0.215257 -13.395144)) (layer F.SilkS) (width 0.01))
    (fp_poly (pts (xy -4.234392 -13.394828) (xy -4.164216 -13.378027) (xy -4.109413 -13.339425) (xy -4.072183 -13.300232)
      (xy -4.020236 -13.235417) (xy -3.995387 -13.191213) (xy -3.995408 -13.184024) (xy -3.981435 -13.156116)
      (xy -3.95572 -13.137839) (xy -3.912683 -13.100078) (xy -3.90525 -13.081059) (xy -3.885454 -13.040925)
      (xy -3.836703 -12.978839) (xy -3.82556 -12.966535) (xy -3.777208 -12.907598) (xy -3.758303 -12.870464)
      (xy -3.759452 -12.866966) (xy -3.75054 -12.834035) (xy -3.703067 -12.768145) (xy -3.627438 -12.68285)
      (xy -3.593234 -12.632429) (xy -3.58775 -12.611939) (xy -3.566407 -12.571349) (xy -3.52096 -12.522397)
      (xy -3.465486 -12.458739) (xy -3.401087 -12.366348) (xy -3.372434 -12.319039) (xy -3.324764 -12.236195)
      (xy -3.291584 -12.179477) (xy -3.282856 -12.165278) (xy -3.253275 -12.168048) (xy -3.207068 -12.194516)
      (xy -3.174608 -12.225679) (xy -3.172156 -12.234542) (xy -3.174055 -12.297188) (xy -3.159539 -12.313068)
      (xy -3.154709 -12.309292) (xy -3.130051 -12.322021) (xy -3.091646 -12.377854) (xy -3.074172 -12.410769)
      (xy -3.015638 -12.51007) (xy -2.937914 -12.619188) (xy -2.903963 -12.661003) (xy -2.842389 -12.736179)
      (xy -2.802484 -12.791116) (xy -2.794 -12.808235) (xy -2.77497 -12.843314) (xy -2.738438 -12.888225)
      (xy -2.661731 -12.976039) (xy -2.624315 -13.02855) (xy -2.619968 -13.054735) (xy -2.621599 -13.056766)
      (xy -2.612306 -13.086879) (xy -2.570639 -13.141459) (xy -2.564128 -13.148623) (xy -2.554333 -13.160375)
      (xy -2.54 -13.160375) (xy -2.524125 -13.1445) (xy -2.50825 -13.160375) (xy -2.524125 -13.17625)
      (xy -2.54 -13.160375) (xy -2.554333 -13.160375) (xy -2.491808 -13.235392) (xy -2.434667 -13.314508)
      (xy -2.397705 -13.363196) (xy -2.355258 -13.388807) (xy -2.287816 -13.397599) (xy -2.180667 -13.395997)
      (xy -2.088207 -13.393593) (xy -2.016667 -13.388744) (xy -1.963345 -13.374176) (xy -1.925541 -13.342615)
      (xy -1.900551 -13.286786) (xy -1.885674 -13.199415) (xy -1.878209 -13.073227) (xy -1.875454 -12.900947)
      (xy -1.874707 -12.675302) (xy -1.874376 -12.571312) (xy -1.871311 -11.807615) (xy -2.206625 -11.826875)
      (xy -2.21531 -12.393885) (xy -2.223994 -12.960895) (xy -2.31799 -12.85426) (xy -2.374983 -12.784774)
      (xy -2.408657 -12.734396) (xy -2.412493 -12.723524) (xy -2.43292 -12.687626) (xy -2.483566 -12.626332)
      (xy -2.507087 -12.60097) (xy -2.563361 -12.536339) (xy -2.593094 -12.490786) (xy -2.594593 -12.482197)
      (xy -2.60759 -12.44357) (xy -2.649939 -12.374416) (xy -2.709729 -12.292474) (xy -2.770188 -12.220726)
      (xy -2.812324 -12.165376) (xy -2.82575 -12.133137) (xy -2.845721 -12.094655) (xy -2.89537 -12.032612)
      (xy -2.912329 -12.014074) (xy -2.967768 -11.948351) (xy -2.997881 -11.89936) (xy -2.999642 -11.891807)
      (xy -3.030027 -11.859188) (xy -3.110829 -11.833145) (xy -3.229041 -11.81715) (xy -3.290546 -11.814165)
      (xy -3.412442 -11.83121) (xy -3.507771 -11.882283) (xy -3.559897 -11.957924) (xy -3.562589 -11.968852)
      (xy -3.586141 -12.017375) (xy -2.95275 -12.017375) (xy -2.936875 -12.0015) (xy -2.921 -12.017375)
      (xy -2.936875 -12.03325) (xy -2.95275 -12.017375) (xy -3.586141 -12.017375) (xy -3.589226 -12.023729)
      (xy -3.64099 -12.092553) (xy -3.643924 -12.095852) (xy -3.744118 -12.213508) (xy -3.827662 -12.322949)
      (xy -3.887032 -12.413231) (xy -3.914703 -12.473407) (xy -3.914163 -12.489017) (xy -3.915594 -12.505086)
      (xy -3.92731 -12.499615) (xy -3.962368 -12.510101) (xy -4.002739 -12.562728) (xy -4.003653 -12.564448)
      (xy -4.059239 -12.65144) (xy -4.119563 -12.72675) (xy -4.168969 -12.791599) (xy -4.190932 -12.842307)
      (xy -4.191 -12.844115) (xy -4.216521 -12.888948) (xy -4.238625 -12.901982) (xy -4.255953 -12.901435)
      (xy -4.268573 -12.879162) (xy -4.277198 -12.827141) (xy -4.282541 -12.737353) (xy -4.285314 -12.601777)
      (xy -4.286228 -12.412392) (xy -4.28625 -12.365629) (xy -4.28625 -11.811) (xy -4.461872 -11.811)
      (xy -4.580451 -11.818068) (xy -4.643042 -11.840199) (xy -4.654622 -11.855637) (xy -4.659169 -11.899302)
      (xy -4.662344 -11.996652) (xy -4.664059 -12.137885) (xy -4.66422 -12.313198) (xy -4.662739 -12.512789)
      (xy -4.661563 -12.604369) (xy -4.657865 -12.848931) (xy -4.654601 -12.969875) (xy -4.28625 -12.969875)
      (xy -4.270375 -12.954) (xy -4.2545 -12.969875) (xy -3.8735 -12.969875) (xy -3.857625 -12.954)
      (xy -3.84175 -12.969875) (xy -3.857625 -12.98575) (xy -3.8735 -12.969875) (xy -4.2545 -12.969875)
      (xy -4.270375 -12.98575) (xy -4.28625 -12.969875) (xy -4.654601 -12.969875) (xy -4.65278 -13.037331)
      (xy -4.643379 -13.17689) (xy -4.626734 -13.274929) (xy -4.599918 -13.338766) (xy -4.560004 -13.375723)
      (xy -4.504062 -13.39312) (xy -4.429165 -13.398276) (xy -4.343927 -13.3985) (xy -4.234392 -13.394828)) (layer F.SilkS) (width 0.01))
    (fp_poly (pts (xy -5.809919 -13.398078) (xy -5.592655 -13.396596) (xy -5.425554 -13.393728) (xy -5.301951 -13.389152)
      (xy -5.21518 -13.382543) (xy -5.158574 -13.373576) (xy -5.125468 -13.361928) (xy -5.112041 -13.351225)
      (xy -5.067322 -13.319803) (xy -5.044653 -13.321349) (xy -5.020471 -13.312062) (xy -5.0165 -13.289249)
      (xy -5.001021 -13.245792) (xy -4.986885 -13.23975) (xy -4.974127 -13.211312) (xy -4.967725 -13.13857)
      (xy -4.967507 -13.040385) (xy -4.973301 -12.935617) (xy -4.984935 -12.843126) (xy -4.990759 -12.815495)
      (xy -5.029651 -12.750597) (xy -5.061817 -12.724789) (xy -5.097572 -12.698808) (xy -5.081777 -12.676252)
